GIS/plot_heads/input/SY_Lay_2.txt
ncols         406
nrows         328
xllcorner     595500
yllcorner     4015200
cellsize      100
NODATA_value  0.0000000E+00
[rows 0 to 21 of 328, columns 50 to 99 of 406]
0.0000000E+00 0.0000000E+00 0.0000000E+00 0.0000000E+00 0.0000000E+00 0.0000000E+00 0.0000000E+00 0.0000000E+00 0.0000000E+00 0.0000000E+00 0.0000000E+00 0.0000000E+00 0.0000000E+00 0.0000000E+00 0.0000000E+00 0.0000000E+00 0.0000000E+00 0.0000000E+00 0.0000000E+00 0.0000000E+00 0.0000000E+00 0.0000000E+00 0.0000000E+00 0.0000000E+00 0.0000000E+00 0.0000000E+00 0.0000000E+00 0.0000000E+00 0.0000000E+00 0.0000000E+00 0.0000000E+00 0.0000000E+00 0.0000000E+00 0.0000000E+00 0.0000000E+00 0.0000000E+00 0.0000000E+00 0.0000000E+00 0.0000000E+00 0.0000000E+00 0.0000000E+00 0.0000000E+00 0.0000000E+00 0.0000000E+00 0.0000000E+00 0.0000000E+00 0.0000000E+00 0.0000000E+00 0.0000000E+00 0.0000000E+00
0.0000000E+00 0.0000000E+00 0.0000000E+00 0.0000000E+00 0.0000000E+00 0.0000000E+00 0.0000000E+00 0.0000000E+00 0.0000000E+00 0.0000000E+00 0.0000000E+00 0.0000000E+00 0.0000000E+00 0.0000000E+00 0.0000000E+00 0.0000000E+00 0.0000000E+00 0.0000000E+00 0.0000000E+00 0.0000000E+00 0.0000000E+00 0.0000000E+00 0.0000000E+00 0.0000000E+00 0.0000000E+00 0.0000000E+00 0.0000000E+00 0.0000000E+00 0.0000000E+00 0.0000000E+00 0.0000000E+00 0.0000000E+00 0.0000000E+00 0.0000000E+00 0.0000000E+00 0.0000000E+00 0.0000000E+00 0.0000000E+00 0.0000000E+00 0.0000000E+00 0.0000000E+00 0.0000000E+00 0.0000000E+00 0.0000000E+00 0.0000000E+00 0.0000000E+00 0.0000000E+00 0.0000000E+00 0.0000000E+00 0.0000000E+00
0.0000000E+00 0.0000000E+00 0.0000000E+00 0.0000000E+00 0.0000000E+00 0.0000000E+00 0.0000000E+00 0.0000000E+00 0.0000000E+00 0.0000000E+00 0.0000000E+00 0.0000000E+00 0.0000000E+00 0.0000000E+00 0.0000000E+00 0.0000000E+00 0.0000000E+00 0.0000000E+00 0.0000000E+00 0.0000000E+00 0.0000000E+00 0.0000000E+00 0.0000000E+00 0.0000000E+00 0.0000000E+00 0.0000000E+00 0.0000000E+00 0.0000000E+00 0.0000000E+00 0.0000000E+00 0.0000000E+00 0.0000000E+00 0.0000000E+00 0.0000000E+00 0.0000000E+00 0.0000000E+00 0.0000000E+00 0.0000000E+00 0.0000000E+00 0.0000000E+00 0.0000000E+00 0.0000000E+00 0.0000000E+00 0.0000000E+00 0.0000000E+00 0.0000000E+00 0.0000000E+00 0.0000000E+00 0.0000000E+00 0.0000000E+00
0.0000000E+00 0.0000000E+00 0.0000000E+00 0.0000000E+00 0.0000000E+00 0.0000000E+00 0.0000000E+00 0.0000000E+00 0.0000000E+00 0.0000000E+00 0.0000000E+00 0.0000000E+00 0.0000000E+00 0.0000000E+00 0.0000000E+00 0.0000000E+00 0.0000000E+00 0.0000000E+00 0.0000000E+00 0.0000000E+00 0.0000000E+00 0.0000000E+00 0.0000000E+00 0.0000000E+00 0.0000000E+00 0.0000000E+00 0.0000000E+00 0.0000000E+00 0.0000000E+00 0.0000000E+00 0.0000000E+00 0.0000000E+00 0.0000000E+00 0.0000000E+00 0.0000000E+00 0.0000000E+00 0.0000000E+00 0.0000000E+00 0.0000000E+00 0.0000000E+00 0.0000000E+00 0.0000000E+00 0.0000000E+00 0.0000000E+00 0.0000000E+00 0.0000000E+00 0.0000000E+00 0.0000000E+00 0.0000000E+00 0.0000000E+00
0.0000000E+00 0.0000000E+00 0.0000000E+00 0.0000000E+00 0.0000000E+00 0.0000000E+00 0.0000000E+00 0.0000000E+00 0.0000000E+00 0.0000000E+00 0.0000000E+00 0.0000000E+00 0.0000000E+00 0.0000000E+00 0.0000000E+00 0.0000000E+00 0.0000000E+00 0.0000000E+00 0.0000000E+00 0.0000000E+00 0.0000000E+00 0.0000000E+00 0.0000000E+00 0.0000000E+00 0.0000000E+00 0.0000000E+00 0.0000000E+00 0.0000000E+00 0.0000000E+00 0.0000000E+00 0.0000000E+00 0.0000000E+00 0.0000000E+00 0.0000000E+00 0.0000000E+00 0.0000000E+00 0.0000000E+00 0.0000000E+00 0.0000000E+00 0.0000000E+00 0.0000000E+00 0.0000000E+00 0.0000000E+00 0.0000000E+00 0.0000000E+00 0.0000000E+00 0.0000000E+00 0.0000000E+00 0.0000000E+00 0.0000000E+00
0.0000000E+00 0.0000000E+00 0.0000000E+00 0.0000000E+00 0.0000000E+00 0.0000000E+00 0.0000000E+00 0.0000000E+00 0.0000000E+00 0.0000000E+00 0.0000000E+00 0.0000000E+00 0.0000000E+00 0.0000000E+00 0.0000000E+00 0.0000000E+00 0.0000000E+00 0.0000000E+00 0.0000000E+00 0.0000000E+00 0.0000000E+00 0.0000000E+00 0.0000000E+00 0.0000000E+00 0.0000000E+00 0.1385439E+00 0.1385475E+00 0.0000000E+00 0.0000000E+00 0.0000000E+00 0.0000000E+00 0.0000000E+00 0.0000000E+00 0.0000000E+00 0.0000000E+00 0.0000000E+00 0.0000000E+00 0.0000000E+00 0.0000000E+00 0.0000000E+00 0.0000000E+00 0.0000000E+00 0.0000000E+00 0.0000000E+00 0.0000000E+00 0.0000000E+00 0.0000000E+00 0.0000000E+00 0.0000000E+00 0.0000000E+00
0.0000000E+00 0.0000000E+00 0.0000000E+00 0.0000000E+00 0.0000000E+00 0.0000000E+00 0.0000000E+00 0.0000000E+00 0.0000000E+00 0.0000000E+00 0.0000000E+00 0.0000000E+00 0.0000000E+00 0.0000000E+00 0.0000000E+00 0.0000000E+00 0.0000000E+00 0.0000000E+00 0.0000000E+00 0.0000000E+00 0.0000000E+00 0.0000000E+00 0.0000000E+00 0.1385347E+00 0.1385397E+00 0.1385440E+00 0.1385476E+00 0.1385505E+00 0.0000000E+00 0.0000000E+00 0.0000000E+00 0.0000000E+00 0.1385592E+00 0.0000000E+00 0.0000000E+00 0.0000000E+00 0.0000000E+00 0.0000000E+00 0.0000000E+00 0.0000000E+00 0.0000000E+00 0.0000000E+00 0.0000000E+00 0.0000000E+00 0.0000000E+00 0.0000000E+00 0.0000000E+00 0.0000000E+00 0.0000000E+00 0.0000000E+00
0.0000000E+00 0.0000000E+00 0.0000000E+00 0.0000000E+00 0.0000000E+00 0.0000000E+00 0.0000000E+00 0.0000000E+00 0.0000000E+00 0.0000000E+00 0.0000000E+00 0.0000000E+00 0.0000000E+00 0.0000000E+00 0.0000000E+00 0.0000000E+00 0.0000000E+00 0.0000000E+00 0.0000000E+00 0.0000000E+00 0.0000000E+00 0.0000000E+00 0.0000000E+00 0.1385349E+00 0.1385400E+00 0.1385442E+00 0.1385477E+00 0.1385507E+00 0.1385530E+00 0.1385551E+00 0.1385567E+00 0.1385581E+00 0.1385593E+00 0.1385603E+00 0.0000000E+00 0.0000000E+00 0.0000000E+00 0.0000000E+00 0.0000000E+00 0.0000000E+00 0.0000000E+00 0.0000000E+00 0.0000000E+00 0.0000000E+00 0.0000000E+00 0.0000000E+00 0.0000000E+00 0.0000000E+00 0.0000000E+00 0.0000000E+00
0.0000000E+00 0.0000000E+00 0.1371599E+00 0.1373955E+00 0.1375916E+00 0.1377549E+00 0.0000000E+00 0.0000000E+00 0.0000000E+00 0.1381766E+00 0.1382418E+00 0.1382961E+00 0.1383412E+00 0.0000000E+00 0.0000000E+00 0.0000000E+00 0.0000000E+00 0.0000000E+00 0.0000000E+00 0.0000000E+00 0.0000000E+00 0.0000000E+00 0.1385294E+00 0.1385354E+00 0.1385404E+00 0.1385445E+00 0.1385480E+00 0.1385509E+00 0.1385532E+00 0.1385552E+00 0.1385569E+00 0.1385583E+00 0.1385594E+00 0.1385603E+00 0.3988139E-01 0.0000000E+00 0.0000000E+00 0.0000000E+00 0.0000000E+00 0.0000000E+00 0.0000000E+00 0.0000000E+00 0.0000000E+00 0.0000000E+00 0.0000000E+00 0.0000000E+00 0.0000000E+00 0.0000000E+00 0.0000000E+00 0.0000000E+00
0.0000000E+00 0.1313666E+00 0.1315868E+00 0.1317703E+00 0.1319232E+00 0.1320507E+00 0.1321568E+00 0.1322452E+00 0.1323188E+00 0.1323801E+00 0.1324312E+00 0.1324737E+00 0.1325091E+00 0.1325385E+00 0.0000000E+00 0.0000000E+00 0.0000000E+00 0.0000000E+00 0.0000000E+00 0.0000000E+00 0.0000000E+00 0.0000000E+00 0.1326568E+00 0.1326615E+00 0.1326655E+00 0.1326687E+00 0.1326714E+00 0.1326737E+00 0.1326756E+00 0.1326772E+00 0.1326784E+00 0.1326796E+00 0.1326804E+00 0.1326812E+00 0.3988333E-01 0.0000000E+00 0.0000000E+00 0.0000000E+00 0.0000000E+00 0.0000000E+00 0.0000000E+00 0.0000000E+00 0.0000000E+00 0.1326843E+00 0.1326844E+00 0.0000000E+00 0.0000000E+00 0.0000000E+00 0.0000000E+00 0.0000000E+00
0.1311943E+00 0.1314400E+00 0.1316456E+00 0.1318174E+00 0.1319611E+00 0.1320811E+00 0.1321813E+00 0.1322649E+00 0.1323347E+00 0.1323929E+00 0.1324416E+00 0.1324821E+00 0.1325159E+00 0.1325440E+00 0.1325675E+00 0.1325871E+00 0.0000000E+00 0.1326170E+00 0.1326284E+00 0.1326378E+00 0.0000000E+00 0.1326522E+00 0.1326577E+00 0.1326622E+00 0.1326660E+00 0.1326692E+00 0.1326718E+00 0.1326740E+00 0.1326759E+00 0.1326773E+00 0.1326786E+00 0.1326797E+00 0.1326806E+00 0.1326813E+00 0.1326819E+00 0.3988316E-01 0.0000000E+00 0.0000000E+00 0.1326835E+00 0.1326837E+00 0.1326839E+00 0.1326841E+00 0.1326842E+00 0.1326843E+00 0.1326844E+00 0.1326845E+00 0.1326846E+00 0.0000000E+00 0.0000000E+00 0.0000000E+00
0.1312995E+00 0.1315241E+00 0.1317129E+00 0.1318714E+00 0.1320044E+00 0.1321159E+00 0.1322093E+00 0.1322875E+00 0.1323529E+00 0.1324076E+00 0.1324534E+00 0.1324916E+00 0.1325236E+00 0.1325503E+00 0.1325726E+00 0.1325912E+00 0.1326067E+00 0.1326197E+00 0.1326305E+00 0.1326396E+00 0.1326471E+00 0.1326534E+00 0.1326586E+00 0.1326630E+00 0.1326667E+00 0.1326697E+00 0.1326722E+00 0.1326743E+00 0.1326761E+00 0.1326776E+00 0.1326788E+00 0.1326798E+00 0.1326807E+00 0.1326814E+00 0.1326820E+00 0.1326825E+00 0.0000000E+00 0.1326832E+00 0.1326835E+00 0.1326837E+00 0.1326839E+00 0.3987485E-01 0.3987385E-01 0.1326844E+00 0.1326844E+00 0.1326845E+00 0.1326846E+00 0.1326846E+00 0.1326847E+00 0.1326847E+00
0.1166724E+00 0.1166135E+00 0.1165651E+00 0.1165253E+00 0.1164926E+00 0.1164656E+00 0.1164434E+00 0.1164250E+00 0.1164099E+00 0.1163975E+00 0.1163872E+00 0.1325022E+00 0.1325321E+00 0.1325572E+00 0.1325782E+00 0.1325958E+00 0.1326104E+00 0.1326227E+00 0.1326330E+00 0.4000267E-01 0.1326487E+00 0.1326547E+00 0.1326597E+00 0.1326639E+00 0.1326674E+00 0.1326703E+00 0.1326727E+00 0.1326747E+00 0.1326764E+00 0.1326778E+00 0.1326790E+00 0.1326800E+00 0.1326808E+00 0.1326815E+00 0.1326821E+00 0.1326825E+00 0.1326829E+00 0.1326833E+00 0.1326836E+00 0.1326838E+00 0.1326840E+00 0.1326841E+00 0.1326842E+00 0.1326844E+00 0.1326845E+00 0.1326845E+00 0.1326846E+00 0.1326847E+00 0.1326847E+00 0.1326847E+00
0.1167247E+00 0.1166554E+00 0.1165987E+00 0.1165523E+00 0.1165143E+00 0.1164831E+00 0.1164575E+00 0.1164365E+00 0.1164192E+00 0.1164049E+00 0.1163932E+00 0.1163835E+00 0.1163755E+00 0.1163690E+00 0.1163636E+00 0.1163591E+00 0.1163554E+00 0.1163523E+00 0.1163498E+00 0.1163477E+00 0.1163460E+00 0.1163446E+00 0.1163434E+00 0.1326648E+00 0.1326681E+00 0.1326709E+00 0.1326732E+00 0.1326751E+00 0.1326768E+00 0.1326781E+00 0.1326792E+00 0.1326802E+00 0.1326810E+00 0.1326816E+00 0.1326822E+00 0.1326826E+00 0.1326830E+00 0.1326833E+00 0.1326836E+00 0.1326838E+00 0.1326840E+00 0.1326842E+00 0.1326843E+00 0.1326844E+00 0.9327726E-01 0.1326846E+00 0.1326846E+00 0.1326846E+00 0.1326847E+00 0.1326847E+00
0.1167708E+00 0.1166925E+00 0.1166286E+00 0.1165764E+00 0.1165338E+00 0.1164988E+00 0.1164702E+00 0.1164467E+00 0.1164275E+00 0.1164117E+00 0.1163986E+00 0.1163879E+00 0.1163791E+00 0.1163719E+00 0.4013107E-01 0.4013198E-01 0.4012459E-01 0.4011161E-01 0.1163508E+00 0.1163485E+00 0.1163467E+00 0.1163451E+00 0.1163438E+00 0.1163428E+00 0.1163419E+00 0.1163412E+00 0.1163406E+00 0.1163401E+00 0.1163397E+00 0.1163393E+00 0.1163391E+00 0.1163388E+00 0.1163386E+00 0.1163385E+00 0.1163383E+00 0.1326827E+00 0.1326831E+00 0.1326834E+00 0.1326836E+00 0.1326838E+00 0.9327857E-01 0.1326842E+00 0.1326843E+00 0.9312540E-01 0.1326845E+00 0.1326846E+00 0.1326846E+00 0.1326847E+00 0.1326847E+00 0.1326847E+00
0.1168095E+00 0.1167239E+00 0.1166541E+00 0.1165971E+00 0.1165505E+00 0.1165124E+00 0.1164813E+00 0.1164557E+00 0.1164348E+00 0.1164176E+00 0.1164035E+00 0.1163919E+00 0.1163824E+00 0.1163745E+00 0.4022538E-01 0.4021512E-01 0.4019705E-01 0.4017419E-01 0.4014881E-01 0.1163493E+00 0.1163473E+00 0.1163456E+00 0.1163443E+00 0.1163431E+00 0.1163422E+00 0.1163414E+00 0.1163408E+00 0.1163402E+00 0.1163398E+00 0.1163394E+00 0.1163391E+00 0.1163389E+00 0.1163386E+00 0.1163385E+00 0.1163383E+00 0.1163382E+00 0.1163382E+00 0.1163381E+00 0.1163380E+00 0.1163379E+00 0.1163379E+00 0.1163379E+00 0.1163378E+00 0.9312548E-01 0.1163378E+00 0.1163378E+00 0.1163377E+00 0.1326847E+00 0.1326847E+00 0.1326847E+00
0.1204078E+00 0.1203180E+00 0.1202445E+00 0.1166139E+00 0.1165643E+00 0.1165237E+00 0.1164904E+00 0.1164632E+00 0.1164409E+00 0.1164226E+00 0.1164076E+00 0.1163952E+00 0.1163851E+00 0.4035393E-01 0.4033939E-01 0.4031393E-01 0.4028190E-01 0.4024651E-01 0.4021008E-01 0.1163500E+00 0.1163478E+00 0.1163461E+00 0.1163446E+00 0.1163434E+00 0.1163424E+00 0.1163416E+00 0.1163409E+00 0.1163404E+00 0.1163399E+00 0.1163395E+00 0.1163392E+00 0.1163389E+00 0.1163387E+00 0.1163386E+00 0.1163384E+00 0.1163383E+00 0.1163382E+00 0.1163381E+00 0.1163380E+00 0.1163380E+00 0.1163379E+00 0.1163379E+00 0.1163378E+00 0.1163378E+00 0.1163378E+00 0.9312508E-01 0.1163377E+00 0.9312469E-01 0.9312453E-01 0.9312443E-01
0.1204275E+00 0.1203344E+00 0.1202581E+00 0.1201956E+00 0.1201444E+00 0.1201023E+00 0.1164977E+00 0.1164692E+00 0.1164458E+00 0.1164267E+00 0.1164109E+00 0.1163980E+00 0.1163873E+00 0.4051100E-01 0.4047464E-01 0.4042929E-01 0.4037958E-01 0.4032874E-01 0.4027896E-01 0.1163506E+00 0.1163483E+00 0.1163465E+00 0.1163449E+00 0.1163437E+00 0.1163426E+00 0.1163418E+00 0.1163411E+00 0.1163405E+00 0.1163400E+00 0.1163396E+00 0.1163393E+00 0.1163390E+00 0.1163388E+00 0.1163386E+00 0.1163384E+00 0.1163383E+00 0.1163382E+00 0.1163381E+00 0.1163380E+00 0.1163380E+00 0.1163379E+00 0.1163379E+00 0.1163379E+00 0.1163378E+00 0.1163378E+00 0.1163378E+00 0.1163377E+00 0.9312474E-01 0.9312458E-01 0.9312446E-01
0.1204392E+00 0.1203445E+00 0.1202668E+00 0.1202030E+00 0.1201506E+00 0.1201076E+00 0.1200722E+00 0.1200431E+00 0.1164494E+00 0.1164297E+00 0.1164134E+00 0.1164001E+00 0.1163891E+00 0.4069689E-01 0.4063195E-01 0.4056146E-01 0.4048999E-01 0.4042057E-01 0.4035508E-01 0.1163510E+00 0.1163487E+00 0.1163468E+00 0.1163452E+00 0.1163439E+00 0.1163428E+00 0.1163419E+00 0.1163412E+00 0.1163406E+00 0.1163401E+00 0.1163397E+00 0.9314281E-01 0.1163390E+00 0.1163388E+00 0.1163386E+00 0.1163384E+00 0.1163383E+00 0.1163382E+00 0.1163381E+00 0.1163380E+00 0.1163380E+00 0.1163379E+00 0.1163379E+00 0.1163379E+00 0.1163378E+00 0.1163378E+00 0.1163378E+00 0.9312494E-01 0.9312476E-01 0.9312461E-01 0.9312449E-01
0.1204431E+00 0.1203484E+00 0.1202706E+00 0.1202065E+00 0.1201538E+00 0.1201104E+00 0.1200747E+00 0.1200453E+00 0.1200210E+00 0.1200011E+00 0.1199846E+00 0.1164015E+00 0.1163903E+00 0.4091207E-01 0.4081109E-01 0.4070980E-01 0.4061237E-01 0.4052120E-01 0.1163543E+00 0.1163514E+00 0.1163490E+00 0.1163471E+00 0.1163454E+00 0.1163441E+00 0.1163430E+00 0.1163420E+00 0.1163413E+00 0.1163407E+00 0.1163401E+00 0.9314782E-01 0.9314399E-01 0.1163391E+00 0.1163388E+00 0.1163386E+00 0.1163385E+00 0.1163383E+00 0.1163382E+00 0.1163381E+00 0.1163381E+00 0.1163380E+00 0.1163379E+00 0.1163379E+00 0.1163379E+00 0.1163378E+00 0.9312551E-01 0.1163378E+00 0.9312499E-01 0.9312481E-01 0.1163377E+00 0.1163377E+00
0.1204397E+00 0.1203466E+00 0.1202698E+00 0.1202064E+00 0.1201541E+00 0.1201109E+00 0.1200753E+00 0.1200460E+00 0.1200217E+00 0.1200017E+00 0.1199852E+00 0.1199716E+00 0.4130164E-01 0.4115525E-01 0.4101041E-01 0.1163677E+00 0.1163625E+00 0.1163581E+00 0.1163546E+00 0.1163516E+00 0.1163492E+00 0.1163472E+00 0.1163455E+00 0.1163442E+00 0.1163431E+00 0.1163421E+00 0.1163414E+00 0.1163407E+00 0.1163402E+00 0.9314918E-01 0.9314509E-01 0.1163391E+00 0.1163389E+00 0.1163386E+00 0.1163385E+00 0.9313256E-01 0.1163382E+00 0.1163381E+00 0.1163381E+00 0.1163380E+00 0.1163379E+00 0.1163379E+00 0.1163379E+00 0.1163378E+00 0.1163378E+00 0.1163378E+00 0.1163378E+00 0.1163377E+00 0.1163377E+00 0.1163377E+00
0.1204298E+00 0.1203395E+00 0.1202647E+00 0.1202028E+00 0.1201516E+00 0.1201093E+00 0.1200742E+00 0.1200453E+00 0.4236149E-01 0.4223756E-01 0.1199851E+00 0.1199716E+00 0.1199604E+00 0.1199511E+00 0.1199435E+00 0.1199372E+00 0.1199319E+00 0.1163583E+00 0.1163547E+00 0.1163518E+00 0.1163493E+00 0.1163473E+00 0.1163456E+00 0.1163443E+00 0.1163431E+00 0.1163422E+00 0.1163414E+00 0.1163408E+00 0.1163402E+00 0.1163398E+00 0.9314611E-01 0.1163391E+00 0.1163389E+00 0.9313685E-01 0.9313471E-01 0.9379942E-01 0.9379800E-01 0.1163381E+00 0.9379590E-01 0.1163380E+00 0.1163379E+00 0.1163379E+00 0.1163379E+00 0.1163378E+00 0.1163378E+00 0.1163378E+00 0.1163377E+00 0.1163377E+00 0.1163377E+00 0.1163377E+00
