GIS/plot_heads/input/SY_Lay_2.txt
ncols         406
nrows         328
xllcorner     595500
yllcorner     4015200
cellsize      100
NODATA_value  0.0000000E+00
[rows 66 to 87 of 328, columns 50 to 99 of 406]
0.0000000E+00 0.0000000E+00 0.0000000E+00 0.8183061E-01 0.8183071E-01 0.9469893E-01 0.9469905E-01 0.9469919E-01 0.8542480E-01 0.8542486E-01 0.8542492E-01 0.8542497E-01 0.9469973E-01 0.9469981E-01 0.9469989E-01 0.9469994E-01 0.9470002E-01 0.9470007E-01 0.9470010E-01 0.9470012E-01 0.9470015E-01 0.9470015E-01 0.9470017E-01 0.9470017E-01 0.9470017E-01 0.9470017E-01 0.9470017E-01 0.8542535E-01 0.8542537E-01 0.8542539E-01 0.8542539E-01 0.8542541E-01 0.8542539E-01 0.8542539E-01 0.8542539E-01 0.8542539E-01 0.8542541E-01 0.8542541E-01 0.8542539E-01 0.8542541E-01 0.8542541E-01 0.8542541E-01 0.8542541E-01 0.8542541E-01 0.8542541E-01 0.8542541E-01 0.8542541E-01 0.8542541E-01 0.8542541E-01 0.9418826E-01
0.0000000E+00 0.0000000E+00 0.0000000E+00 0.8183075E-01 0.1284765E+00 0.9469908E-01 0.9469916E-01 0.9469929E-01 0.9469940E-01 0.9469947E-01 0.9469958E-01 0.9469966E-01 0.8542506E-01 0.9469984E-01 0.9469987E-01 0.9469992E-01 0.9469999E-01 0.9469999E-01 0.9470005E-01 0.9470007E-01 0.9470007E-01 0.9470012E-01 0.9470010E-01 0.9470012E-01 0.9470012E-01 0.9470010E-01 0.9470012E-01 0.9470012E-01 0.8542539E-01 0.9470010E-01 0.8542541E-01 0.8542539E-01 0.8542539E-01 0.8542539E-01 0.8542539E-01 0.8542539E-01 0.8542541E-01 0.8542539E-01 0.8542541E-01 0.8542541E-01 0.8542541E-01 0.8542541E-01 0.8542541E-01 0.8542541E-01 0.8542541E-01 0.8542541E-01 0.8542541E-01 0.8542541E-01 0.9469992E-01 0.9418828E-01
0.0000000E+00 0.0000000E+00 0.0000000E+00 0.0000000E+00 0.1284937E+00 0.9469921E-01 0.9469929E-01 0.9469937E-01 0.9469945E-01 0.9469955E-01 0.9469961E-01 0.9469966E-01 0.9469973E-01 0.9469981E-01 0.9469984E-01 0.9469992E-01 0.9469994E-01 0.9469996E-01 0.9469999E-01 0.9470002E-01 0.9470005E-01 0.9470005E-01 0.9470007E-01 0.9470007E-01 0.9470005E-01 0.9470007E-01 0.9470007E-01 0.9470007E-01 0.9470007E-01 0.9470005E-01 0.9470002E-01 0.8542539E-01 0.8542541E-01 0.8542539E-01 0.8542539E-01 0.8542541E-01 0.8542541E-01 0.8542541E-01 0.8542541E-01 0.8542541E-01 0.8542541E-01 0.8542541E-01 0.8542541E-01 0.8542541E-01 0.8542541E-01 0.8542541E-01 0.8542541E-01 0.8542541E-01 0.8542541E-01 0.9469989E-01
0.0000000E+00 0.0000000E+00 0.0000000E+00 0.0000000E+00 0.8183105E-01 0.9469929E-01 0.9469937E-01 0.9469945E-01 0.9469950E-01 0.9469955E-01 0.9469963E-01 0.9469971E-01 0.9469973E-01 0.9469981E-01 0.9469981E-01 0.9469989E-01 0.9469992E-01 0.9469994E-01 0.9469996E-01 0.9469996E-01 0.9470002E-01 0.9470002E-01 0.9470002E-01 0.9470002E-01 0.9470005E-01 0.9470002E-01 0.9470005E-01 0.9470005E-01 0.9470002E-01 0.9470002E-01 0.9470002E-01 0.8542541E-01 0.8542539E-01 0.8542539E-01 0.8542541E-01 0.8542541E-01 0.8542541E-01 0.8542541E-01 0.8542541E-01 0.8542541E-01 0.8542541E-01 0.8542541E-01 0.8542541E-01 0.8542541E-01 0.8542541E-01 0.8542541E-01 0.8542541E-01 0.8542541E-01 0.8542541E-01 0.9469989E-01
0.0000000E+00 0.0000000E+00 0.0000000E+00 0.0000000E+00 0.8183111E-01 0.1285229E+00 0.9469945E-01 0.9469950E-01 0.9469958E-01 0.9469963E-01 0.9469966E-01 0.9469971E-01 0.9469976E-01 0.9469979E-01 0.9469984E-01 0.9469987E-01 0.9469989E-01 0.9469994E-01 0.9469994E-01 0.9469996E-01 0.9469999E-01 0.9469999E-01 0.9469999E-01 0.9469999E-01 0.9470002E-01 0.9469999E-01 0.9469999E-01 0.9469999E-01 0.9469999E-01 0.9469999E-01 0.9469999E-01 0.8542539E-01 0.8542539E-01 0.8542541E-01 0.8542541E-01 0.8542541E-01 0.8542541E-01 0.8542541E-01 0.8542541E-01 0.8542541E-01 0.8542541E-01 0.8542541E-01 0.8542541E-01 0.8542541E-01 0.8542541E-01 0.8542541E-01 0.8542541E-01 0.8542541E-01 0.8542541E-01 0.9469989E-01
0.0000000E+00 0.0000000E+00 0.0000000E+00 0.0000000E+00 0.1285306E+00 0.1285326E+00 0.9469955E-01 0.9469958E-01 0.9469961E-01 0.9469966E-01 0.9469968E-01 0.9469973E-01 0.9469976E-01 0.9469981E-01 0.8542527E-01 0.9469987E-01 0.9469987E-01 0.9469989E-01 0.9469992E-01 0.9469994E-01 0.9469996E-01 0.9469996E-01 0.9469996E-01 0.9469996E-01 0.9469996E-01 0.9469999E-01 0.9469999E-01 0.9469999E-01 0.9469996E-01 0.9469996E-01 0.9469996E-01 0.9469996E-01 0.9469996E-01 0.9469994E-01 0.9469996E-01 0.8542541E-01 0.8542541E-01 0.8542541E-01 0.8542541E-01 0.8542541E-01 0.8542541E-01 0.8542541E-01 0.8542541E-01 0.8542541E-01 0.8542541E-01 0.8542541E-01 0.8542541E-01 0.8542541E-01 0.9469989E-01 0.9469989E-01
0.0000000E+00 0.0000000E+00 0.0000000E+00 0.0000000E+00 0.1285391E+00 0.1285408E+00 0.9469958E-01 0.9469961E-01 0.9469966E-01 0.9469968E-01 0.9469971E-01 0.9469976E-01 0.9469979E-01 0.8542527E-01 0.8542529E-01 0.9469987E-01 0.9469989E-01 0.9469989E-01 0.9469992E-01 0.9469992E-01 0.9469994E-01 0.9469994E-01 0.9469994E-01 0.9469994E-01 0.9469994E-01 0.9469994E-01 0.9469994E-01 0.9469994E-01 0.9469996E-01 0.9469994E-01 0.9469994E-01 0.9469994E-01 0.9469994E-01 0.9469994E-01 0.9469992E-01 0.9469994E-01 0.9469994E-01 0.8542541E-01 0.8542541E-01 0.8542541E-01 0.8542541E-01 0.8542541E-01 0.8542541E-01 0.8542541E-01 0.8542541E-01 0.8542541E-01 0.8542541E-01 0.8542541E-01 0.8542541E-01 0.8542541E-01
0.0000000E+00 0.0000000E+00 0.0000000E+00 0.0000000E+00 0.1285463E+00 0.1285476E+00 0.9469963E-01 0.9469966E-01 0.9469968E-01 0.9469971E-01 0.9469973E-01 0.9469976E-01 0.8542527E-01 0.9469984E-01 0.9469984E-01 0.9469984E-01 0.9469987E-01 0.9469989E-01 0.9469992E-01 0.9469992E-01 0.9469992E-01 0.9469992E-01 0.9469992E-01 0.9469994E-01 0.9469994E-01 0.9469994E-01 0.9469994E-01 0.9469992E-01 0.9469994E-01 0.9469994E-01 0.9469994E-01 0.9469994E-01 0.9469992E-01 0.9469994E-01 0.9469994E-01 0.9469992E-01 0.9469992E-01 0.9469992E-01 0.8542541E-01 0.8542541E-01 0.8542541E-01 0.8542541E-01 0.8542541E-01 0.8542541E-01 0.8542541E-01 0.8542541E-01 0.8542541E-01 0.8542541E-01 0.8542541E-01 0.8542541E-01
0.0000000E+00 0.0000000E+00 0.0000000E+00 0.0000000E+00 0.1285522E+00 0.9383952E-01 0.9469966E-01 0.9469971E-01 0.9469971E-01 0.9469973E-01 0.8183145E-01 0.8542527E-01 0.9469981E-01 0.9469981E-01 0.9469981E-01 0.9469987E-01 0.9469987E-01 0.9469989E-01 0.9469989E-01 0.9469989E-01 0.9469992E-01 0.9469992E-01 0.9469992E-01 0.9469992E-01 0.9469994E-01 0.9469992E-01 0.9469992E-01 0.9469992E-01 0.9469992E-01 0.9469992E-01 0.9469994E-01 0.9469992E-01 0.9469992E-01 0.9469994E-01 0.9469992E-01 0.9469992E-01 0.9469992E-01 0.9469989E-01 0.8542541E-01 0.9469992E-01 0.8542541E-01 0.8542541E-01 0.8542541E-01 0.8542541E-01 0.8542541E-01 0.8542541E-01 0.8542541E-01 0.8542541E-01 0.8542541E-01 0.8542541E-01
0.0000000E+00 0.0000000E+00 0.0000000E+00 0.0000000E+00 0.1285572E+00 0.9383540E-01 0.9382842E-01 0.8183140E-01 0.8183143E-01 0.9469976E-01 0.9469976E-01 0.9469979E-01 0.9469984E-01 0.9469981E-01 0.9469984E-01 0.9469984E-01 0.9469987E-01 0.9469989E-01 0.9469987E-01 0.9469989E-01 0.9469992E-01 0.9469992E-01 0.9469992E-01 0.9469989E-01 0.9469992E-01 0.9469992E-01 0.9469994E-01 0.9469994E-01 0.9469992E-01 0.9469992E-01 0.9469992E-01 0.9469992E-01 0.9469989E-01 0.9469989E-01 0.9469992E-01 0.9469989E-01 0.9469989E-01 0.9469992E-01 0.8542541E-01 0.8542541E-01 0.8542541E-01 0.8542541E-01 0.8542541E-01 0.8542541E-01 0.8542541E-01 0.8542541E-01 0.8542541E-01 0.8542541E-01 0.8542541E-01 0.8542541E-01
0.0000000E+00 0.0000000E+00 0.0000000E+00 0.0000000E+00 0.9383769E-01 0.9383161E-01 0.9382592E-01 0.9469973E-01 0.9469973E-01 0.9469976E-01 0.9469979E-01 0.9469981E-01 0.9469981E-01 0.9469984E-01 0.9469984E-01 0.9469987E-01 0.9469987E-01 0.9469987E-01 0.9469989E-01 0.9469989E-01 0.9469989E-01 0.9469989E-01 0.9469992E-01 0.9469989E-01 0.9469989E-01 0.9469992E-01 0.9469992E-01 0.9469992E-01 0.9469992E-01 0.9469989E-01 0.9469992E-01 0.8542541E-01 0.9469992E-01 0.9469989E-01 0.9469992E-01 0.9469989E-01 0.9469992E-01 0.9469989E-01 0.9469992E-01 0.8542541E-01 0.8542541E-01 0.8542541E-01 0.8542541E-01 0.8542541E-01 0.8542541E-01 0.8542541E-01 0.8542541E-01 0.8542541E-01 0.8542541E-01 0.8542541E-01
0.0000000E+00 0.0000000E+00 0.0000000E+00 0.0000000E+00 0.0000000E+00 0.0000000E+00 0.9382360E-01 0.9469976E-01 0.9469976E-01 0.9469979E-01 0.9469981E-01 0.9469981E-01 0.9469981E-01 0.9469987E-01 0.9469984E-01 0.9469987E-01 0.9469987E-01 0.9469987E-01 0.9469987E-01 0.9469989E-01 0.9469989E-01 0.9469989E-01 0.9469989E-01 0.9469989E-01 0.9469989E-01 0.9469989E-01 0.9469989E-01 0.9469989E-01 0.9469989E-01 0.9469992E-01 0.9469989E-01 0.9469987E-01 0.9380308E-01 0.8542541E-01 0.8542541E-01 0.8542541E-01 0.9469989E-01 0.9469992E-01 0.8542541E-01 0.8542541E-01 0.8542541E-01 0.8542541E-01 0.8542541E-01 0.8542541E-01 0.8542541E-01 0.8542541E-01 0.8542541E-01 0.8542541E-01 0.8542541E-01 0.8542541E-01
0.0000000E+00 0.0000000E+00 0.0000000E+00 0.0000000E+00 0.0000000E+00 0.0000000E+00 0.0000000E+00 0.0000000E+00 0.9469979E-01 0.9469979E-01 0.9469981E-01 0.9469981E-01 0.9469984E-01 0.9469984E-01 0.9469987E-01 0.9469984E-01 0.9469987E-01 0.9469987E-01 0.9469989E-01 0.9469989E-01 0.9469987E-01 0.9469989E-01 0.9469989E-01 0.9469987E-01 0.9469989E-01 0.9469992E-01 0.9469989E-01 0.9469989E-01 0.9469992E-01 0.9469989E-01 0.9469989E-01 0.9469989E-01 0.9469992E-01 0.9380382E-01 0.8542541E-01 0.8542541E-01 0.9380449E-01 0.9380467E-01 0.9380485E-01 0.9380501E-01 0.9380516E-01 0.8542541E-01 0.8542541E-01 0.8542541E-01 0.8542541E-01 0.9469987E-01 0.8542541E-01 0.9469987E-01 0.9469989E-01 0.9469989E-01
0.0000000E+00 0.0000000E+00 0.0000000E+00 0.0000000E+00 0.0000000E+00 0.0000000E+00 0.0000000E+00 0.0000000E+00 0.0000000E+00 0.9469981E-01 0.9469981E-01 0.9380766E-01 0.9380612E-01 0.9380483E-01 0.9380380E-01 0.9380297E-01 0.9380236E-01 0.9469987E-01 0.9380163E-01 0.9469989E-01 0.9469989E-01 0.9469987E-01 0.9469989E-01 0.9469989E-01 0.9469989E-01 0.9469989E-01 0.9469989E-01 0.9469989E-01 0.9469989E-01 0.9469989E-01 0.9469989E-01 0.1240423E+00 0.9380393E-01 0.9380414E-01 0.9380437E-01 0.9380455E-01 0.9380472E-01 0.9380490E-01 0.9380503E-01 0.9380519E-01 0.9380529E-01 0.8542541E-01 0.8542541E-01 0.8542541E-01 0.9469989E-01 0.9469987E-01 0.9469987E-01 0.9469989E-01 0.9469989E-01 0.9469987E-01
0.0000000E+00 0.0000000E+00 0.0000000E+00 0.0000000E+00 0.0000000E+00 0.0000000E+00 0.0000000E+00 0.0000000E+00 0.0000000E+00 0.0000000E+00 0.9380946E-01 0.9469981E-01 0.9469984E-01 0.9469984E-01 0.9380457E-01 0.9380388E-01 0.9469984E-01 0.9469987E-01 0.9469987E-01 0.9469987E-01 0.9469987E-01 0.9469987E-01 0.9469989E-01 0.9469992E-01 0.9469989E-01 0.9469989E-01 0.9469989E-01 0.9469989E-01 0.9469989E-01 0.9380367E-01 0.1240456E+00 0.1240419E+00 0.1240387E+00 0.1261026E+00 0.9380462E-01 0.9380478E-01 0.9469989E-01 0.9380506E-01 0.9380519E-01 0.9380531E-01 0.9380542E-01 0.9380550E-01 0.8542541E-01 0.8542541E-01 0.9469987E-01 0.8542541E-01 0.9469987E-01 0.9469989E-01 0.9469987E-01 0.9469989E-01
0.0000000E+00 0.0000000E+00 0.0000000E+00 0.0000000E+00 0.0000000E+00 0.0000000E+00 0.0000000E+00 0.0000000E+00 0.0000000E+00 0.0000000E+00 0.0000000E+00 0.0000000E+00 0.0000000E+00 0.0000000E+00 0.9380519E-01 0.9380457E-01 0.9380405E-01 0.9380370E-01 0.9469989E-01 0.9469989E-01 0.9469989E-01 0.9469987E-01 0.9469987E-01 0.9469989E-01 0.9469989E-01 0.9469989E-01 0.9469989E-01 0.9380372E-01 0.9380390E-01 0.9380405E-01 0.1240446E+00 0.1240413E+00 0.1240385E+00 0.9380470E-01 0.9380485E-01 0.9380499E-01 0.9380511E-01 0.9380524E-01 0.9380531E-01 0.9380542E-01 0.9380552E-01 0.9380560E-01 0.8542541E-01 0.8542541E-01 0.8542541E-01 0.9469987E-01 0.9469989E-01 0.9469989E-01 0.9469989E-01 0.8542541E-01
0.0000000E+00 0.0000000E+00 0.0000000E+00 0.0000000E+00 0.0000000E+00 0.0000000E+00 0.0000000E+00 0.0000000E+00 0.0000000E+00 0.0000000E+00 0.0000000E+00 0.0000000E+00 0.0000000E+00 0.0000000E+00 0.0000000E+00 0.9469987E-01 0.9469987E-01 0.9469987E-01 0.9469987E-01 0.9469987E-01 0.9469989E-01 0.9469987E-01 0.9469989E-01 0.9469989E-01 0.9469987E-01 0.9380390E-01 0.9380403E-01 0.9380414E-01 0.9380426E-01 0.9380442E-01 0.1240435E+00 0.1240406E+00 0.1240381E+00 0.9380493E-01 0.9380503E-01 0.9380516E-01 0.9469987E-01 0.9380537E-01 0.9380545E-01 0.9380555E-01 0.9380560E-01 0.9380568E-01 0.8542541E-01 0.8542541E-01 0.8542541E-01 0.9469989E-01 0.9469989E-01 0.9469989E-01 0.8542541E-01 0.9380604E-01
0.0000000E+00 0.0000000E+00 0.0000000E+00 0.0000000E+00 0.0000000E+00 0.0000000E+00 0.0000000E+00 0.0000000E+00 0.0000000E+00 0.0000000E+00 0.0000000E+00 0.0000000E+00 0.0000000E+00 0.0000000E+00 0.0000000E+00 0.9469987E-01 0.9469987E-01 0.9469987E-01 0.9469987E-01 0.9469987E-01 0.9469989E-01 0.9469987E-01 0.9469987E-01 0.9469987E-01 0.9380426E-01 0.9380431E-01 0.9380439E-01 0.9380449E-01 0.9380460E-01 0.1240453E+00 0.1240423E+00 0.1240397E+00 0.1240375E+00 0.9380511E-01 0.9380522E-01 0.9380531E-01 0.9380540E-01 0.9380547E-01 0.9380557E-01 0.9380563E-01 0.9469987E-01 0.9469987E-01 0.9380580E-01 0.9380586E-01 0.8542541E-01 0.9469989E-01 0.9469989E-01 0.8542541E-01 0.9380604E-01 0.9380604E-01
0.0000000E+00 0.0000000E+00 0.0000000E+00 0.0000000E+00 0.0000000E+00 0.0000000E+00 0.0000000E+00 0.0000000E+00 0.0000000E+00 0.0000000E+00 0.0000000E+00 0.0000000E+00 0.0000000E+00 0.0000000E+00 0.0000000E+00 0.0000000E+00 0.9469984E-01 0.9469987E-01 0.9469989E-01 0.9469987E-01 0.9469987E-01 0.9469987E-01 0.9469987E-01 0.1276150E+00 0.9380460E-01 0.9380465E-01 0.9380472E-01 0.9380480E-01 0.1240467E+00 0.1240437E+00 0.1240411E+00 0.1240389E+00 0.1240370E+00 0.1240353E+00 0.9380537E-01 0.9380545E-01 0.9380552E-01 0.9380560E-01 0.9380565E-01 0.9380570E-01 0.9469989E-01 0.9469989E-01 0.9469989E-01 0.9469987E-01 0.9380593E-01 0.9380596E-01 0.8542541E-01 0.9380604E-01 0.9380604E-01 0.9380609E-01
0.0000000E+00 0.0000000E+00 0.0000000E+00 0.0000000E+00 0.0000000E+00 0.0000000E+00 0.0000000E+00 0.0000000E+00 0.0000000E+00 0.0000000E+00 0.0000000E+00 0.0000000E+00 0.0000000E+00 0.0000000E+00 0.0000000E+00 0.0000000E+00 0.0000000E+00 0.9469984E-01 0.9469987E-01 0.9469987E-01 0.9469987E-01 0.9469987E-01 0.9469987E-01 0.1276105E+00 0.1240588E+00 0.1240547E+00 0.9380499E-01 0.1240477E+00 0.1240448E+00 0.1240423E+00 0.1240400E+00 0.1240381E+00 0.8542541E-01 0.8542541E-01 0.1240336E+00 0.9380557E-01 0.9380563E-01 0.9380568E-01 0.9380573E-01 0.9380578E-01 0.9469987E-01 0.9469987E-01 0.9469989E-01 0.9380596E-01 0.9380596E-01 0.9380601E-01 0.9380604E-01 0.9380607E-01 0.9380609E-01 0.9380609E-01
0.0000000E+00 0.0000000E+00 0.0000000E+00 0.0000000E+00 0.0000000E+00 0.0000000E+00 0.0000000E+00 0.0000000E+00 0.0000000E+00 0.0000000E+00 0.0000000E+00 0.0000000E+00 0.0000000E+00 0.0000000E+00 0.0000000E+00 0.0000000E+00 0.0000000E+00 0.1229696E+00 0.9469987E-01 0.9469987E-01 0.9469987E-01 0.9469987E-01 0.9469987E-01 0.1276066E+00 0.1276028E+00 0.1240516E+00 0.1240484E+00 0.1240456E+00 0.1240431E+00 0.1240409E+00 0.8542541E-01 0.8542541E-01 0.8542541E-01 0.8542541E-01 0.8542541E-01 0.1240324E+00 0.9380573E-01 0.9380575E-01 0.9380580E-01 0.9380583E-01 0.9380589E-01 0.9380593E-01 0.9380593E-01 0.9469989E-01 0.9469987E-01 0.9380604E-01 0.9380607E-01 0.9380607E-01 0.9380609E-01 0.9380612E-01
0.0000000E+00 0.0000000E+00 0.0000000E+00 0.0000000E+00 0.0000000E+00 0.0000000E+00 0.0000000E+00 0.0000000E+00 0.0000000E+00 0.0000000E+00 0.0000000E+00 0.0000000E+00 0.0000000E+00 0.0000000E+00 0.0000000E+00 0.0000000E+00 0.0000000E+00 0.0000000E+00 0.1229551E+00 0.1229502E+00 0.1229455E+00 0.9469987E-01 0.9469987E-01 0.1276030E+00 0.1275999E+00 0.1240488E+00 0.1240461E+00 0.1240437E+00 0.1240415E+00 0.1240396E+00 0.1240379E+00 0.1240364E+00 0.8542541E-01 0.8542541E-01 0.8542541E-01 0.1240322E+00 0.9380578E-01 0.9380583E-01 0.9380586E-01 0.9380589E-01 0.9380593E-01 0.9380596E-01 0.9380598E-01 0.9380601E-01 0.9380604E-01 0.9380607E-01 0.9380609E-01 0.9380609E-01 0.9380612E-01 0.9380612E-01
