GIS/plot_heads/output/carmel_heads.txt
ncols         406
nrows         328
xllcorner     595500
yllcorner     4015200
cellsize      100
NODATA_value  -999.000
[rows 174 to 202 of 328, columns 130 to 194 of 406]
669.996 655.075 646.285 635.478 626.398 617.858 608.163 600.306 594.886 590.497 586.828 583.780 580.904 578.197 575.330 571.079 565.343 560.774 556.705 554.096 552.737 550.518 547.183 543.277 533.881 522.758 514.806 509.157 505.658 501.837 498.112 494.588 487.774 478.491 473.181 470.116 469.398 472.070 475.644 473.240 467.155 461.109 455.979 455.662 461.712 466.809 468.715 475.916 480.043 482.247 480.634 482.656 485.820 482.184 477.472 481.169 466.037 449.212 435.752 424.103 411.342 396.787 384.782 377.564 370.544
665.779 654.265 644.986 636.070 628.403 619.508 611.139 603.600 597.830 592.610 587.732 584.042 580.882 578.431 574.967 572.137 568.431 564.581 562.571 560.020 559.251 557.040 553.792 550.839 546.179 527.501 520.139 516.012 514.169 510.426 506.810 505.856 502.728 493.856 492.595 494.508 496.882 495.355 491.196 484.853 477.655 474.293 473.245 473.529 479.819 483.641 486.254 491.024 496.941 500.785 502.536 503.785 507.706 510.322 508.554 495.500 477.799 460.767 447.588 433.905 420.922 410.017 400.757 395.147 388.281
663.171 653.775 644.676 636.173 628.601 620.264 612.621 606.003 599.863 594.404 590.182 586.356 582.997 580.073 577.235 574.834 572.195 570.756 569.288 566.713 564.475 562.947 561.972 563.248 569.589 538.575 527.246 522.210 520.548 518.491 517.921 519.837 521.996 522.860 525.078 532.581 515.344 508.413 502.834 496.583 489.165 488.205 489.547 492.608 497.350 501.299 505.685 507.747 513.115 516.236 518.824 521.755 525.887 527.751 521.468 502.004 487.063 474.366 460.930 448.060 434.470 426.431 419.670 412.333 405.060
660.749 652.345 644.220 636.249 628.435 620.121 613.058 607.067 601.816 597.373 593.432 589.144 585.473 582.386 579.763 578.513 578.609 578.558 577.927 575.471 571.797 570.292 570.009 591.415 600.708 572.856 575.108 541.600 539.062 545.743 551.838 545.477 545.672 541.774 538.378 534.813 527.297 519.537 513.702 507.901 501.587 502.016 504.662 509.301 513.004 517.654 523.531 529.740 532.845 532.780 533.688 537.246 539.294 538.997 534.391 513.868 498.699 485.768 473.043 460.143 449.771 443.026 437.908 429.100 422.075
658.045 650.424 643.822 636.251 628.152 620.475 614.592 609.590 605.184 601.585 598.639 595.195 591.374 587.550 583.757 582.483 583.490 584.151 584.465 584.676 586.330 583.655 586.025 606.765 629.725 624.386 612.556 594.465 604.950 591.876 568.179 552.122 548.069 545.211 542.030 537.817 533.292 528.196 523.200 521.015 516.626 516.480 518.775 523.593 527.810 531.066 536.191 542.518 545.682 548.399 548.738 550.354 551.267 549.612 545.310 528.427 511.617 498.775 485.912 474.616 466.231 459.250 454.036 445.079 436.422
656.614 649.774 643.275 636.767 630.032 623.488 619.017 614.579 610.327 608.190 605.494 601.667 597.157 592.652 588.413 586.721 588.381 590.441 592.731 594.082 596.473 620.684 636.248 641.123 640.865 647.781 637.688 614.186 600.728 580.274 570.146 555.865 550.110 546.761 543.991 540.601 537.362 533.919 532.006 530.085 528.246 527.010 529.369 533.780 539.531 543.795 547.681 552.295 556.386 559.811 561.718 561.751 562.282 560.302 555.907 540.302 525.665 512.279 500.729 490.748 482.545 474.042 467.229 460.189 450.148
659.205 653.670 646.623 639.711 633.884 628.954 625.686 622.134 617.028 614.347 611.258 607.548 602.326 597.772 593.348 591.177 593.091 595.947 598.318 600.463 605.833 634.941 661.906 644.553 610.931 600.949 600.866 594.913 584.311 570.053 563.944 558.516 552.766 548.363 545.488 542.631 541.055 539.217 537.636 535.621 535.298 535.997 538.506 542.892 549.242 553.743 558.224 562.782 568.570 571.913 574.203 574.513 574.734 573.080 569.607 557.995 541.734 527.871 516.931 507.255 497.324 489.671 480.110 474.209 465.060
666.555 662.180 655.324 648.327 643.269 639.021 635.344 630.981 626.414 621.541 617.215 612.589 607.650 603.032 599.315 596.139 596.841 600.492 603.509 606.886 612.145 618.696 617.864 605.285 600.963 593.061 589.468 583.715 578.475 570.347 563.824 559.136 555.025 550.547 547.021 545.070 544.053 542.783 542.222 541.364 541.608 542.434 544.468 549.606 556.059 562.093 566.770 571.734 578.101 585.215 591.457 592.878 590.842 588.926 581.218 570.141 557.963 544.507 534.724 525.246 512.843 504.331 494.336 485.712 474.486
676.211 672.351 666.641 659.118 653.698 648.353 644.462 640.547 635.691 630.338 625.068 618.864 613.333 608.709 606.097 604.320 603.496 605.419 608.863 611.037 613.388 612.455 606.671 602.811 598.365 591.845 586.640 581.846 576.443 570.367 564.719 559.651 556.263 552.581 549.504 547.994 547.079 546.653 546.941 547.207 548.171 549.666 551.427 555.279 560.989 568.991 574.505 581.720 587.525 595.074 602.899 607.021 606.233 599.246 590.351 580.793 572.856 562.679 552.586 541.569 529.447 518.268 502.311 490.786 480.190
687.700 684.609 679.975 672.504 665.485 658.888 654.538 650.496 645.098 639.666 634.105 627.025 618.374 615.148 613.705 613.063 612.579 612.637 614.048 615.458 616.081 612.267 606.576 602.196 597.428 591.729 585.927 581.220 575.413 570.312 564.785 560.237 557.023 554.365 552.307 550.933 550.138 550.257 551.567 552.950 553.988 555.480 557.342 560.364 564.644 573.312 582.320 591.106 599.719 605.911 612.549 616.469 617.937 612.680 601.933 593.351 584.974 576.207 567.937 558.310 544.594 529.365 507.602 495.954 485.779
700.804 699.066 695.613 689.226 680.836 672.137 665.300 661.354 656.967 649.905 644.118 638.352 626.436 622.722 620.517 620.690 619.956 619.225 619.685 619.824 618.871 614.468 607.766 602.182 596.842 591.112 585.623 580.569 574.393 570.093 565.054 561.729 559.166 557.031 555.723 554.744 554.475 554.357 555.886 557.438 559.898 561.076 563.451 565.970 569.214 575.419 591.066 608.770 614.983 620.329 624.490 626.998 627.241 625.251 616.916 607.821 597.534 588.020 579.905 572.218 557.366 538.175 515.585 500.673 489.967
714.489 712.784 710.739 706.628 699.948 686.980 676.328 672.940 668.907 663.156 659.953 653.584 642.617 631.728 630.785 629.234 628.058 626.871 626.464 625.516 623.362 617.711 610.816 603.859 596.957 590.595 584.891 578.891 573.654 570.100 567.251 565.356 563.055 561.525 560.155 559.172 559.278 559.352 561.318 563.211 565.097 568.057 569.468 571.534 574.146 582.484 601.855 625.709 629.859 630.619 632.834 635.399 636.424 634.573 630.439 621.442 610.595 600.730 592.371 583.097 569.539 547.430 523.458 506.487 495.552
728.431 726.016 724.686 721.986 717.154 703.011 690.275 685.343 683.411 681.888 697.987 690.052 655.361 650.219 644.010 639.996 637.562 634.807 633.201 630.928 626.766 620.450 613.401 606.391 598.379 590.190 584.369 579.243 575.534 573.121 572.146 570.249 567.643 566.168 565.406 564.951 565.706 566.026 568.060 571.270 573.978 576.506 577.737 578.519 581.844 591.282 622.932 633.829 637.505 638.891 642.030 644.052 645.559 643.836 640.015 635.206 625.838 615.400 607.380 595.303 580.257 560.877 528.107 509.919 501.164
743.041 741.069 738.802 737.670 735.040 727.459 705.865 697.395 696.290 713.066 725.722 713.516 685.308 682.132 659.040 650.613 646.228 642.610 639.719 635.571 629.516 623.307 615.846 608.756 600.289 592.902 587.358 583.296 580.566 579.058 577.858 576.461 573.578 570.894 570.268 571.595 573.145 573.009 574.569 578.395 583.686 587.472 604.224 595.984 611.658 626.697 650.919 649.467 650.682 654.453 655.735 656.359 655.256 651.892 648.433 643.793 639.019 632.455 622.559 608.388 592.186 569.650 532.659 515.817 509.231
757.523 757.104 754.361 752.407 751.794 751.199 731.620 728.478 731.130 753.929 752.653 734.965 727.661 697.271 672.141 661.228 654.687 649.338 644.882 639.905 632.675 625.858 618.742 611.580 604.987 599.081 594.237 590.060 586.906 585.499 584.300 583.359 582.469 580.154 578.198 584.050 581.127 579.786 582.302 586.883 592.894 601.742 622.749 626.580 638.860 668.913 678.807 669.169 672.507 675.365 672.808 667.312 661.879 657.221 654.052 649.818 645.980 640.928 634.617 624.819 611.554 581.980 548.251 526.798 519.989
770.918 770.631 770.675 769.819 769.881 774.265 770.462 770.575 783.261 787.096 780.909 762.388 732.980 701.442 682.094 670.904 662.520 655.704 649.808 643.450 635.960 628.803 623.275 617.553 612.670 607.131 602.448 597.625 593.227 592.411 592.946 594.539 598.042 608.487 613.947 615.132 598.825 594.721 594.672 597.119 602.305 613.563 635.623 668.295 682.760 691.064 699.489 692.360 686.140 683.636 679.473 672.878 666.027 660.701 657.406 653.456 649.495 645.170 642.624 637.040 624.518 599.901 575.205 569.863 555.934
782.793 781.689 781.931 782.991 784.965 789.157 805.322 812.598 809.763 809.672 794.239 766.184 733.413 708.268 692.110 679.849 670.105 661.974 654.530 646.329 638.722 633.196 629.619 627.179 624.175 619.667 614.696 610.731 610.498 606.264 606.841 612.311 624.906 632.711 655.034 643.760 631.867 630.625 612.477 615.135 616.642 622.968 645.515 680.218 699.337 706.319 714.971 706.053 697.682 691.119 684.823 676.775 668.338 662.616 657.891 652.627 647.969 641.874 636.928 636.117 633.847 614.206 604.364 599.066 593.974
793.738 791.834 791.121 791.590 793.154 797.560 813.160 831.307 820.483 803.906 788.068 758.326 741.466 723.488 705.120 690.955 678.752 668.649 659.833 650.994 643.534 639.190 637.118 637.783 638.412 638.330 639.616 647.696 659.804 652.556 645.107 670.341 662.678 665.802 675.113 671.813 670.591 667.254 668.458 637.705 633.365 640.412 662.128 696.999 719.117 715.700 711.131 707.132 702.968 696.727 689.796 677.404 670.379 664.356 657.850 650.786 643.096 634.160 626.155 622.467 628.405 628.948 604.354 598.604 586.540
806.073 800.950 798.775 798.034 798.806 802.254 809.625 810.812 809.866 789.837 777.554 762.075 746.737 732.344 716.484 700.633 687.088 675.835 666.115 656.781 650.841 648.099 645.708 646.902 647.927 648.970 650.572 663.671 686.258 688.637 685.327 687.080 703.900 702.484 702.141 692.843 699.064 702.875 686.551 669.797 661.337 664.121 689.253 715.357 733.434 720.993 715.809 710.245 710.009 706.261 691.147 677.402 673.887 665.339 657.779 649.498 637.947 622.370 598.208 577.363 577.037 582.994 563.328 565.006 561.543
822.535 812.580 807.856 804.753 805.042 807.275 810.483 807.572 801.526 790.839 779.066 766.080 751.549 738.479 724.301 710.141 696.428 683.521 672.870 664.800 659.272 656.621 654.513 654.862 655.555 656.081 657.840 664.244 686.807 717.598 719.717 729.530 723.427 733.051 726.371 736.832 736.732 726.379 710.922 715.825 711.123 712.398 714.764 740.357 746.291 741.348 729.389 733.458 726.360 713.487 695.797 679.301 674.736 667.900 661.224 652.011 633.124 592.478 569.039 547.995 538.187 535.927 514.582 510.714 498.934
846.584 836.376 819.953 816.906 815.021 813.884 812.547 808.760 802.460 793.423 781.801 770.232 756.076 742.550 728.978 716.166 703.429 691.096 681.148 674.125 668.963 664.621 662.195 661.828 661.961 662.496 664.094 672.103 704.622 727.269 744.907 752.189 752.649 757.632 758.067 758.178 757.218 754.891 750.269 734.378 734.366 737.459 741.722 746.633 749.094 747.584 741.719 732.538 715.188 673.120 656.112 656.655 655.466 654.530 633.504 627.603 622.225 569.832 543.997 531.627 522.850 515.651 498.967 484.418 477.915
876.752 869.895 843.472 851.348 833.761 819.359 816.049 811.508 805.040 796.310 785.521 774.171 760.765 746.721 732.703 719.208 707.341 696.959 688.639 682.810 677.544 673.388 669.345 667.492 666.764 667.382 669.342 674.871 695.252 727.821 735.835 742.847 736.552 741.555 744.733 739.188 741.889 727.414 726.769 718.373 717.750 726.789 739.071 743.761 744.638 741.905 733.819 720.883 672.640 621.703 604.797 603.680 601.989 622.991 592.408 579.440 583.777 563.000 537.184 520.867 511.900 504.000 492.545 476.071 466.282
895.317 895.124 880.641 871.205 842.931 826.358 820.715 814.958 808.411 800.316 790.281 779.167 766.475 751.362 737.551 724.980 712.910 704.978 698.636 692.067 685.533 681.342 677.098 674.613 672.747 672.710 674.117 684.701 716.037 708.792 723.228 708.834 700.383 694.743 694.521 691.430 696.306 697.753 698.220 680.957 679.295 693.334 720.003 732.824 733.526 729.851 711.654 687.197 672.738 622.756 584.881 576.915 574.850 584.914 563.712 550.075 540.780 537.029 532.808 514.858 500.965 491.007 481.634 468.437 457.323
914.923 928.636 924.738 907.060 876.028 854.057 834.135 824.822 816.365 807.611 797.233 785.670 770.225 753.740 741.565 731.014 721.357 715.957 712.031 705.743 698.267 691.809 687.009 685.913 686.874 686.057 689.741 692.974 693.214 692.349 691.145 685.986 682.454 676.603 673.915 671.251 668.860 668.616 673.310 661.312 661.087 662.016 690.021 689.021 705.289 714.162 686.992 658.708 638.265 604.041 579.732 570.865 566.874 564.010 554.477 542.702 534.968 527.921 522.031 508.795 493.978 481.693 472.101 463.379 449.456
931.688 950.744 961.558 942.304 914.599 893.017 856.688 837.370 826.517 816.754 807.161 795.677 774.547 757.660 746.407 737.147 729.664 725.350 722.336 720.675 713.222 707.371 707.054 706.793 705.112 701.802 697.148 694.481 691.446 689.009 685.961 682.462 678.555 673.998 671.142 668.022 665.219 662.796 660.318 658.667 656.360 654.512 652.456 653.067 675.689 696.476 652.587 623.574 612.023 585.497 573.424 567.529 562.730 556.893 547.264 540.197 531.720 522.437 513.159 501.165 488.628 475.088 464.544 454.997 443.895
963.070 986.601 999.527 972.680 943.767 904.000 866.336 849.845 837.643 826.870 817.495 802.628 777.479 761.894 751.793 744.310 738.772 734.731 730.953 728.307 726.408 718.843 715.196 711.421 707.717 703.827 699.295 695.737 691.399 688.091 684.621 680.547 676.344 672.207 669.323 665.857 662.952 659.833 656.467 654.641 652.069 649.045 647.483 647.664 654.866 660.747 622.255 598.141 590.629 584.293 572.703 565.366 558.975 552.175 543.431 536.216 528.678 517.713 507.088 495.134 482.750 471.087 459.120 447.650 437.685
1014.412 1023.431 1032.698 1002.707 966.656 919.350 883.400 863.620 850.208 839.490 828.028 809.153 783.588 766.986 758.774 752.628 747.547 744.537 742.017 739.262 733.844 724.060 718.848 714.076 709.188 704.839 700.242 696.142 691.788 687.804 683.442 678.974 674.110 669.891 666.501 662.702 659.339 656.087 652.661 650.385 647.822 645.068 642.348 639.956 635.692 634.516 606.068 596.797 590.630 583.248 574.221 564.221 555.788 548.968 540.032 532.337 525.558 515.053 502.864 489.854 478.238 467.924 458.324 447.897 439.489
1068.761 1075.334 1060.217 1022.241 960.549 923.113 896.069 879.892 870.698 857.433 845.966 826.557 792.307 779.149 768.022 761.585 756.379 753.203 748.388 742.927 736.458 728.907 722.565 716.676 710.423 705.480 700.628 696.123 692.018 686.513 682.271 677.359 672.016 667.468 663.265 659.463 654.827 651.504 648.745 645.280 642.795 640.356 637.463 633.315 626.685 617.396 608.131 598.183 590.481 582.750 573.661 564.559 554.981 547.532 539.680 531.733 523.491 514.184 502.436 491.031 480.725 470.231 461.672 453.816 446.865
1109.804 1119.760 1068.930 1020.115 970.372 934.718 908.141 897.426 894.842 880.499 861.410 829.532 815.615 796.869 782.678 773.038 764.621 758.489 751.971 745.368 738.564 732.056 726.211 720.256 713.638 708.352 702.953 697.791 693.174 688.358 683.999 679.639 675.097 670.076 664.352 659.612 654.891 650.188 645.699 641.282 638.235 635.260 632.190 628.207 623.150 615.702 607.162 599.510 590.985 582.044 573.134 565.474 557.518 551.193 543.332 534.211 526.142 517.921 508.086 499.309 487.952 478.020 470.265 463.594 456.579
