GIS/plot_heads/output/carmel_heads.txt
ncols         406
nrows         328
xllcorner     595500
yllcorner     4015200
cellsize      100
NODATA_value  -999.000
[rows 232 to 260 of 328, columns 325 to 389 of 406]
679.803 701.237 695.326 687.685 681.825 676.168 670.361 663.670 657.048 648.619 638.878 628.751 618.193 609.472 601.304 596.132 592.173 589.730 588.683 588.326 589.394 592.199 595.304 598.699 601.632 605.136 611.703 617.132 622.894 629.057 633.953 638.549 642.772 646.198 649.092 651.630 653.642 655.597 657.228 658.886 -999.000 -999.000 -999.000 -999.000 -999.000 -999.000 -999.000 -999.000 -999.000 -999.000 -999.000 -999.000 -999.000 -999.000 -999.000 -999.000 -999.000 -999.000 -999.000 -999.000 -999.000 -999.000 -999.000 -999.000 -999.000
671.894 708.945 701.386 691.547 685.982 680.459 675.426 667.659 661.533 657.141 644.393 634.473 626.390 617.318 604.375 597.654 594.586 592.177 590.248 589.448 590.065 593.220 596.215 600.044 604.037 609.930 615.869 621.360 626.800 631.854 636.593 641.077 645.176 648.906 652.325 655.281 657.991 659.847 661.411 663.008 665.936 -999.000 -999.000 -999.000 -999.000 -999.000 -999.000 -999.000 -999.000 -999.000 -999.000 -999.000 -999.000 -999.000 -999.000 -999.000 -999.000 -999.000 -999.000 -999.000 -999.000 -999.000 -999.000 -999.000 -999.000
682.993 714.216 712.427 702.652 693.442 690.018 683.157 673.738 669.208 668.934 663.640 650.100 645.828 631.872 622.813 609.781 606.902 600.493 594.448 592.817 600.147 602.688 603.418 607.008 610.263 614.654 619.536 624.471 629.482 634.217 638.774 643.093 647.149 651.060 654.728 658.280 661.407 663.451 664.624 666.214 667.527 -999.000 -999.000 -999.000 -999.000 -999.000 -999.000 -999.000 -999.000 -999.000 -999.000 -999.000 -999.000 -999.000 -999.000 -999.000 -999.000 -999.000 -999.000 -999.000 -999.000 -999.000 -999.000 -999.000 -999.000
719.815 738.208 744.029 724.286 712.523 708.330 700.734 693.786 691.906 689.680 683.713 672.282 658.434 649.832 663.408 657.292 645.472 629.758 621.218 617.168 615.963 613.496 610.302 609.489 613.317 617.602 622.040 626.626 631.497 636.114 640.535 644.531 648.638 652.677 656.800 660.792 664.037 666.075 667.440 668.652 669.830 -999.000 -999.000 -999.000 -999.000 -999.000 -999.000 -999.000 -999.000 -999.000 -999.000 -999.000 -999.000 -999.000 -999.000 -999.000 -999.000 -999.000 -999.000 -999.000 -999.000 -999.000 -999.000 -999.000 -999.000
752.227 762.430 768.080 762.643 759.788 753.225 746.949 741.601 739.164 732.793 724.059 713.507 702.926 691.135 687.376 678.575 665.100 652.240 643.693 637.521 631.568 624.906 618.662 615.911 614.761 619.487 623.656 627.747 633.032 637.482 641.696 645.482 650.402 654.716 658.911 662.845 666.344 668.980 670.452 671.125 671.842 -999.000 -999.000 -999.000 -999.000 -999.000 -999.000 -999.000 -999.000 -999.000 -999.000 -999.000 -999.000 -999.000 -999.000 -999.000 -999.000 -999.000 -999.000 -999.000 -999.000 -999.000 -999.000 -999.000 -999.000
777.009 783.214 789.634 789.148 784.842 780.130 773.991 768.809 765.563 761.220 749.522 737.916 726.062 713.937 704.242 693.110 680.994 671.574 663.248 655.074 644.402 636.058 628.884 622.786 620.211 619.158 626.155 630.584 635.320 639.421 643.778 648.021 652.444 656.717 661.062 664.995 668.229 671.146 673.039 673.729 674.139 -999.000 -999.000 -999.000 -999.000 -999.000 -999.000 -999.000 -999.000 -999.000 -999.000 -999.000 -999.000 -999.000 -999.000 -999.000 -999.000 -999.000 -999.000 -999.000 -999.000 -999.000 -999.000 -999.000 -999.000
802.631 805.788 808.919 809.914 805.615 801.555 795.845 792.588 785.999 777.238 765.777 755.156 742.108 730.983 717.450 706.536 697.185 686.633 677.709 667.344 656.102 645.594 636.094 629.650 625.906 624.396 628.377 632.075 639.062 642.072 645.848 649.899 654.340 658.622 662.732 666.449 670.074 672.609 674.632 675.317 676.054 -999.000 -999.000 -999.000 -999.000 -999.000 -999.000 -999.000 -999.000 -999.000 -999.000 -999.000 -999.000 -999.000 -999.000 -999.000 -999.000 -999.000 -999.000 -999.000 -999.000 -999.000 -999.000 -999.000 -999.000
825.273 826.622 827.313 828.363 825.859 820.664 816.803 812.285 802.752 793.295 781.425 770.132 756.694 742.709 730.154 719.367 707.969 696.514 685.876 675.311 664.057 653.279 644.249 638.520 632.266 625.214 631.795 637.246 642.236 645.546 649.143 652.508 656.304 660.876 665.049 668.399 671.513 673.963 675.503 676.390 677.102 -999.000 -999.000 -999.000 -999.000 -999.000 -999.000 -999.000 -999.000 -999.000 -999.000 -999.000 -999.000 -999.000 -999.000 -999.000 -999.000 -999.000 -999.000 -999.000 -999.000 -999.000 -999.000 -999.000 -999.000
846.041 846.708 846.593 846.767 844.814 837.265 831.051 825.383 816.745 807.569 794.882 781.171 767.388 754.688 743.143 728.887 715.831 704.044 693.070 682.351 672.058 661.868 653.310 645.437 637.618 629.828 637.387 640.952 644.298 648.046 652.041 655.947 659.272 663.253 667.232 670.274 672.798 674.963 676.346 677.051 677.699 -999.000 -999.000 -999.000 -999.000 -999.000 -999.000 -999.000 -999.000 -999.000 -999.000 -999.000 -999.000 -999.000 -999.000 -999.000 -999.000 -999.000 -999.000 -999.000 -999.000 -999.000 -999.000 -999.000 -999.000
864.592 865.334 864.698 865.261 860.017 851.730 845.057 836.543 828.484 817.157 804.399 789.929 777.244 764.918 750.699 735.015 721.667 709.300 698.122 687.621 677.527 668.089 659.347 649.668 641.648 637.475 640.334 643.020 646.098 650.208 654.380 658.497 662.128 665.825 669.563 672.193 673.950 675.462 676.554 677.319 -999.000 -999.000 -999.000 -999.000 -999.000 -999.000 -999.000 -999.000 -999.000 -999.000 -999.000 -999.000 -999.000 -999.000 -999.000 -999.000 -999.000 -999.000 -999.000 -999.000 -999.000 -999.000 -999.000 -999.000 -999.000
883.282 881.382 882.072 882.345 877.271 868.061 857.126 847.532 836.409 823.373 810.125 796.893 784.179 770.190 754.401 738.681 724.925 711.678 699.636 689.255 680.555 671.455 661.528 651.349 643.803 638.689 638.492 646.560 649.126 652.990 657.003 660.981 664.607 668.007 670.880 673.198 674.942 675.947 676.689 -999.000 -999.000 -999.000 -999.000 -999.000 -999.000 -999.000 -999.000 -999.000 -999.000 -999.000 -999.000 -999.000 -999.000 -999.000 -999.000 -999.000 -999.000 -999.000 -999.000 -999.000 -999.000 -999.000 -999.000 -999.000 -999.000
900.761 900.181 899.687 893.732 885.265 876.664 865.244 853.808 842.090 827.254 811.106 796.332 782.984 769.548 753.584 738.425 724.343 710.825 697.880 686.190 679.558 671.596 662.000 654.232 644.821 646.555 647.012 650.270 651.852 655.662 659.461 663.310 666.809 669.769 672.640 674.714 676.130 676.410 -999.000 -999.000 -999.000 -999.000 -999.000 -999.000 -999.000 -999.000 -999.000 -999.000 -999.000 -999.000 -999.000 -999.000 -999.000 -999.000 -999.000 -999.000 -999.000 -999.000 -999.000 -999.000 -999.000 -999.000 -999.000 -999.000 -999.000
924.009 920.646 912.588 901.468 890.165 878.724 866.323 852.998 841.424 827.225 809.112 789.825 772.761 760.236 746.792 732.260 720.609 707.245 691.313 684.002 675.462 670.268 664.759 661.866 654.774 652.888 651.813 652.946 654.785 657.826 661.503 665.569 668.943 671.959 674.649 677.062 678.560 -999.000 -999.000 -999.000 -999.000 -999.000 -999.000 -999.000 -999.000 -999.000 -999.000 -999.000 -999.000 -999.000 -999.000 -999.000 -999.000 -999.000 -999.000 -999.000 -999.000 -999.000 -999.000 -999.000 -999.000 -999.000 -999.000 -999.000 -999.000
948.700 939.234 923.868 907.834 893.123 877.530 860.630 844.088 832.861 819.595 802.630 781.502 754.895 741.186 736.711 719.904 712.902 703.261 695.472 686.254 671.714 672.827 668.064 671.074 666.420 658.540 654.473 655.919 657.774 661.174 665.048 668.330 671.440 674.168 676.767 679.215 681.535 683.813 -999.000 -999.000 -999.000 -999.000 -999.000 -999.000 -999.000 -999.000 -999.000 -999.000 -999.000 -999.000 -999.000 -999.000 -999.000 -999.000 -999.000 -999.000 -999.000 -999.000 -999.000 -999.000 -999.000 -999.000 -999.000 -999.000 -999.000
961.378 946.214 931.347 916.647 902.023 883.160 862.095 838.365 819.551 804.147 792.190 769.621 744.244 741.266 734.122 722.522 715.380 702.895 705.947 697.477 683.610 682.930 685.604 684.635 678.768 669.690 659.483 659.190 661.627 663.803 667.296 670.683 673.631 676.296 679.292 681.722 683.715 684.990 -999.000 -999.000 -999.000 -999.000 -999.000 -999.000 -999.000 -999.000 -999.000 -999.000 -999.000 -999.000 -999.000 -999.000 -999.000 -999.000 -999.000 -999.000 -999.000 -999.000 -999.000 -999.000 -999.000 -999.000 -999.000 -999.000 -999.000
969.079 954.894 939.689 924.479 906.987 884.817 861.738 837.659 810.026 792.505 778.602 756.927 752.271 749.190 742.800 727.261 730.182 727.114 725.563 715.178 706.582 701.360 703.390 699.205 690.989 679.711 670.094 662.005 665.979 667.546 669.519 672.896 675.947 678.929 681.754 684.112 685.802 686.680 -999.000 -999.000 -999.000 -999.000 -999.000 -999.000 -999.000 -999.000 -999.000 -999.000 -999.000 -999.000 -999.000 -999.000 -999.000 -999.000 -999.000 -999.000 -999.000 -999.000 -999.000 -999.000 -999.000 -999.000 -999.000 -999.000 -999.000
973.709 956.550 942.118 925.480 903.351 879.288 855.959 833.960 806.293 777.115 772.626 764.618 765.560 768.286 770.132 761.427 749.365 748.711 749.954 743.124 735.437 728.180 722.310 714.136 703.668 691.035 682.239 672.717 670.750 671.294 672.790 675.396 678.194 681.321 684.079 686.179 687.756 688.652 -999.000 -999.000 -999.000 -999.000 -999.000 -999.000 -999.000 -999.000 -999.000 -999.000 -999.000 -999.000 -999.000 -999.000 -999.000 -999.000 -999.000 -999.000 -999.000 -999.000 -999.000 -999.000 -999.000 -999.000 -999.000 -999.000 -999.000
963.668 949.113 933.185 917.239 895.164 871.125 842.330 818.595 794.373 783.185 775.783 769.449 785.874 801.739 803.677 794.100 777.166 771.939 773.966 769.931 761.980 752.204 742.055 730.237 715.453 702.416 691.592 678.210 675.181 674.900 675.787 677.591 679.771 683.425 686.236 688.243 689.943 690.908 -999.000 -999.000 -999.000 -999.000 -999.000 -999.000 -999.000 -999.000 -999.000 -999.000 -999.000 -999.000 -999.000 -999.000 -999.000 -999.000 -999.000 -999.000 -999.000 -999.000 -999.000 -999.000 -999.000 -999.000 -999.000 -999.000 -999.000
952.832 938.554 920.536 901.919 880.905 854.288 833.228 804.352 798.751 790.032 782.707 801.437 825.304 837.606 837.163 824.926 806.072 795.858 795.393 793.846 785.023 772.939 757.171 743.553 728.964 716.367 699.416 683.928 679.859 678.475 678.866 680.315 682.344 685.051 688.091 690.475 692.363 693.429 -999.000 -999.000 -999.000 -999.000 -999.000 -999.000 -999.000 -999.000 -999.000 -999.000 -999.000 -999.000 -999.000 -999.000 -999.000 -999.000 -999.000 -999.000 -999.000 -999.000 -999.000 -999.000 -999.000 -999.000 -999.000 -999.000 -999.000
939.649 922.860 905.333 874.634 864.588 832.099 815.151 814.088 810.032 799.648 815.802 847.423 868.600 876.572 871.541 852.148 819.045 818.700 821.089 816.304 802.595 787.443 772.724 760.536 744.803 726.050 710.370 692.636 684.195 682.734 682.090 683.322 684.952 687.149 690.484 693.062 695.096 696.435 -999.000 -999.000 -999.000 -999.000 -999.000 -999.000 -999.000 -999.000 -999.000 -999.000 -999.000 -999.000 -999.000 -999.000 -999.000 -999.000 -999.000 -999.000 -999.000 -999.000 -999.000 -999.000 -999.000 -999.000 -999.000 -999.000 -999.000
930.290 913.919 892.453 871.448 854.970 840.312 828.992 829.681 832.427 841.547 852.045 889.415 912.144 916.501 907.183 882.278 846.489 846.182 847.045 836.433 815.608 800.096 790.298 775.607 757.876 738.432 726.848 711.353 690.813 686.599 685.729 686.787 688.057 689.854 693.315 696.074 698.354 700.482 703.113 -999.000 -999.000 -999.000 -999.000 -999.000 -999.000 -999.000 -999.000 -999.000 -999.000 -999.000 -999.000 -999.000 -999.000 -999.000 -999.000 -999.000 -999.000 -999.000 -999.000 -999.000 -999.000 -999.000 -999.000 -999.000 -999.000
935.124 913.415 882.102 866.277 844.101 844.058 830.610 847.810 856.008 861.464 902.660 933.057 951.550 954.952 941.162 916.632 890.479 880.926 875.042 860.946 842.626 824.006 804.025 785.119 769.434 748.482 743.936 730.163 713.520 694.328 690.700 691.051 691.912 693.456 696.328 698.990 701.352 703.472 705.274 -999.000 -999.000 -999.000 -999.000 -999.000 -999.000 -999.000 -999.000 -999.000 -999.000 -999.000 -999.000 -999.000 -999.000 -999.000 -999.000 -999.000 -999.000 -999.000 -999.000 -999.000 -999.000 -999.000 -999.000 -999.000 -999.000
945.768 924.323 896.575 874.194 858.595 858.091 858.434 874.417 891.891 904.986 936.873 970.314 987.936 988.130 969.218 937.879 924.386 917.367 903.168 884.751 863.619 840.625 818.169 794.781 790.149 777.265 764.494 749.658 731.420 712.956 696.949 696.103 696.717 697.242 699.355 702.078 704.416 706.484 708.507 710.687 -999.000 -999.000 -999.000 -999.000 -999.000 -999.000 -999.000 -999.000 -999.000 -999.000 -999.000 -999.000 -999.000 -999.000 -999.000 -999.000 -999.000 -999.000 -999.000 -999.000 -999.000 -999.000 -999.000 -999.000 -999.000
958.071 942.177 911.926 874.627 853.703 868.797 882.929 907.739 928.622 936.387 947.398 996.342 1018.089 1019.053 1002.565 973.898 958.387 948.673 930.232 904.512 877.152 853.159 836.982 825.286 814.925 800.384 785.074 767.086 746.886 726.230 708.331 702.195 701.741 701.303 702.455 704.958 707.142 709.167 710.875 712.143 -999.000 -999.000 -999.000 -999.000 -999.000 -999.000 -999.000 -999.000 -999.000 -999.000 -999.000 -999.000 -999.000 -999.000 -999.000 -999.000 -999.000 -999.000 -999.000 -999.000 -999.000 -999.000 -999.000 -999.000 -999.000
987.312 959.224 933.180 898.271 866.914 877.072 873.563 922.907 956.433 975.524 985.533 1019.012 1042.420 1044.230 1032.278 1010.504 994.859 976.645 950.654 919.004 893.930 866.081 861.396 850.370 835.124 815.322 798.371 781.473 759.817 743.008 729.241 710.518 706.280 706.100 706.286 707.774 709.670 711.638 713.186 714.305 715.568 -999.000 -999.000 -999.000 -999.000 -999.000 -999.000 -999.000 -999.000 -999.000 -999.000 -999.000 -999.000 -999.000 -999.000 -999.000 -999.000 -999.000 -999.000 -999.000 -999.000 -999.000 -999.000 -999.000 -999.000
994.269 960.642 945.230 921.322 898.343 891.396 878.899 929.441 969.289 999.255 1022.461 1045.269 1061.382 1063.956 1054.402 1039.572 1020.793 993.832 964.855 939.578 922.795 903.704 889.235 871.031 850.530 824.718 808.374 792.296 777.698 766.393 751.212 731.040 713.851 711.050 711.217 712.433 714.221 715.544 716.213 716.315 716.521 -999.000 -999.000 -999.000 -999.000 -999.000 -999.000 -999.000 -999.000 -999.000 -999.000 -999.000 -999.000 -999.000 -999.000 -999.000 -999.000 -999.000 -999.000 -999.000 -999.000 -999.000 -999.000 -999.000 -999.000
995.489 994.662 966.877 937.549 903.227 901.569 881.162 920.552 965.521 1000.976 1030.102 1055.748 1072.105 1076.664 1070.982 1058.562 1036.015 1002.911 982.379 960.398 948.918 929.675 906.942 883.994 863.604 835.432 826.165 809.357 797.987 785.928 769.414 751.814 736.160 719.355 718.659 718.936 718.797 719.770 719.858 717.979 717.409 -999.000 -999.000 -999.000 -999.000 -999.000 -999.000 -999.000 -999.000 -999.000 -999.000 -999.000 -999.000 -999.000 -999.000 -999.000 -999.000 -999.000 -999.000 -999.000 -999.000 -999.000 -999.000 -999.000 -999.000
996.031 994.759 993.991 953.475 938.232 921.346 910.708 898.844 938.541 982.096 1016.017 1050.794 1071.679 1081.171 1080.126 1069.534 1049.637 1028.577 1008.863 988.885 969.531 945.358 920.658 901.039 885.056 866.004 848.549 829.432 818.427 803.848 787.850 769.688 752.368 732.270 724.437 724.415 724.383 724.721 724.829 -999.000 -999.000 -999.000 -999.000 -999.000 -999.000 -999.000 -999.000 -999.000 -999.000 -999.000 -999.000 -999.000 -999.000 -999.000 -999.000 -999.000 -999.000 -999.000 -999.000 -999.000 -999.000 -999.000 -999.000 -999.000 -999.000
997.858 997.803 997.818 981.964 962.008 927.239 930.114 931.944 948.871 978.361 1001.784 1040.549 1062.200 1077.370 1082.705 1077.492 1065.104 1049.865 1030.318 1009.172 984.301 959.067 939.148 925.213 908.202 889.161 865.874 849.503 838.471 821.650 802.723 782.173 762.628 745.316 730.501 729.397 729.235 729.087 729.326 -999.000 -999.000 -999.000 -999.000 -999.000 -999.000 -999.000 -999.000 -999.000 -999.000 -999.000 -999.000 -999.000 -999.000 -999.000 -999.000 -999.000 -999.000 -999.000 -999.000 -999.000 -999.000 -999.000 -999.000 -999.000 -999.000
