GIS/plot_heads/output/carmel_dtw.txt
ncols         406
nrows         328
xllcorner     595500
yllcorner     4015200
cellsize      100
NODATA_value  -999.000
[rows 0 to 29 of 328, columns 0 to 66 of 406]
-999.000 -999.000 -999.000 -999.000 -999.000 -999.000 -999.000 -999.000 -999.000 -999.000 -999.000 -999.000 -999.000 -999.000 -999.000 -999.000 -999.000 -999.000 -999.000 -999.000 -999.000 -999.000 -999.000 -999.000 -999.000 -999.000 -999.000 -999.000 -999.000 -999.000 -999.000 -999.000 -999.000 -999.000 -999.000 -999.000 -999.000 -999.000 -999.000 -999.000 -999.000 -999.000 -999.000 -999.000 -999.000 -999.000 -999.000 -999.000 -999.000 -999.000 -999.000 -999.000 -999.000 -999.000 -999.000 -999.000 -999.000 -999.000 -999.000 -999.000 -999.000 -999.000 -999.000 -999.000 -999.000 -999.000 -999.000
-999.000 -999.000 -999.000 -999.000 -999.000 -999.000 -999.000 -999.000 -999.000 -999.000 -999.000 -999.000 -999.000 -999.000 -999.000 -999.000 -999.000 -999.000 -999.000 -999.000 -999.000 -999.000 -999.000 -999.000 -999.000 -999.000 -999.000 -999.000 -999.000 -999.000 -999.000 -999.000 -999.000 -999.000 -999.000 -999.000 -999.000 -999.000 -999.000 -999.000 -999.000 -999.000 -999.000 -999.000 -999.000 -999.000 -999.000 -999.000 -999.000 -999.000 -999.000 -999.000 -999.000 -999.000 -999.000 -999.000 -999.000 -999.000 -999.000 -999.000 -999.000 -999.000 -999.000 -999.000 -999.000 -999.000 -999.000
-999.000 -999.000 -999.000 -999.000 -999.000 -999.000 -999.000 -999.000 -999.000 -999.000 -999.000 -999.000 -999.000 -999.000 -999.000 -999.000 -999.000 -999.000 -999.000 -999.000 -999.000 -999.000 -999.000 -999.000 -999.000 -999.000 -999.000 -999.000 -999.000 -999.000 -999.000 -999.000 -999.000 -999.000 -999.000 -999.000 -999.000 -999.000 -999.000 -999.000 -999.000 -999.000 -999.000 -999.000 -999.000 -999.000 -999.000 -999.000 -999.000 -999.000 -999.000 -999.000 -999.000 -999.000 -999.000 -999.000 -999.000 -999.000 -999.000 -999.000 -999.000 -999.000 -999.000 -999.000 -999.000 -999.000 -999.000
-999.000 -999.000 -999.000 -999.000 -999.000 -999.000 -999.000 -999.000 -999.000 -999.000 -999.000 -999.000 -999.000 -999.000 -999.000 -999.000 -999.000 -999.000 -999.000 -999.000 -999.000 121.527 130.105 123.575 130.437 123.71 100.726 -999.000 -999.000 -999.000 -999.000 -999.000 -999.000 -999.000 -999.000 -999.000 -999.000 -999.000 -999.000 -999.000 -999.000 -999.000 -999.000 -999.000 -999.000 -999.000 -999.000 -999.000 -999.000 -999.000 -999.000 -999.000 -999.000 -999.000 -999.000 -999.000 -999.000 -999.000 -999.000 -999.000 -999.000 -999.000 -999.000 -999.000 -999.000 -999.000 -999.000
-999.000 -999.000 -999.000 -999.000 -999.000 -999.000 -999.000 -999.000 -999.000 -999.000 -999.000 -999.000 -999.000 -999.000 -999.000 -999.000 -999.000 -999.000 -999.000 -999.000 103.504 105.133 120.188 108.53 122.31 114.612 87.784 99.753 75.723 34.112 12.169 3.422 -999.000 -999.000 -999.000 -999.000 -999.000 -999.000 -999.000 -999.000 -999.000 -999.000 -999.000 -999.000 -999.000 -999.000 -999.000 -999.000 -999.000 -999.000 -999.000 -999.000 -999.000 -999.000 -999.000 -999.000 -999.000 -999.000 -999.000 -999.000 -999.000 -999.000 -999.000 -999.000 -999.000 -999.000 -999.000
-999.000 -999.000 -999.000 -999.000 -999.000 -999.000 -999.000 -999.000 -999.000 -999.000 -999.000 -999.000 -999.000 -999.000 -999.000 -999.000 -999.000 -999.000 -999.000 102.334 94.108 92.316 95.113 103.417 106.673 97.757 78.685 113.33 78.273 35.19 21.75 46.8 -999.000 -999.000 -999.000 -999.000 -999.000 -999.000 -999.000 -999.000 -999.000 -999.000 -999.000 -999.000 -999.000 -999.000 -999.000 -999.000 -999.000 -999.000 -999.000 -999.000 -999.000 -999.000 -999.000 -999.000 -999.000 -999.000 -999.000 -999.000 -999.000 -999.000 -999.000 -999.000 -999.000 -999.000 -999.000
-999.000 -999.000 -999.000 -999.000 -999.000 -999.000 -999.000 -999.000 -999.000 -999.000 -999.000 -999.000 -999.000 -999.000 -999.000 -999.000 -999.000 -999.000 108.454 106.681 90.796 92.744 89.633 103.209 90.792 71.221 64.654 94.654 66.614 57.909 87.274 101.141 120.089 117.575 108.85 -999.000 -999.000 -999.000 -999.000 -999.000 -999.000 -999.000 -999.000 -999.000 -999.000 -999.000 -999.000 -999.000 -999.000 -999.000 -999.000 -999.000 -999.000 -999.000 -999.000 -999.000 -999.000 -999.000 -999.000 -999.000 -999.000 -999.000 -999.000 -999.000 -999.000 -999.000 -999.000
-999.000 -999.000 -999.000 -999.000 -999.000 -999.000 -999.000 -999.000 -999.000 -999.000 -999.000 -999.000 -999.000 -999.000 -999.000 -999.000 -999.000 -999.000 99.386 110.542 95.265 85.619 91.29 112.747 112.436 100.816 68.787 66.341 69.584 107.579 122.016 127.86 105.444 115.944 97.008 110.009 129.804 134.473 144.103 146.243 126.417 141.945 -999.000 -999.000 -999.000 -999.000 -999.000 -999.000 -999.000 -999.000 -999.000 -999.000 -999.000 -999.000 -999.000 -999.000 -999.000 -999.000 -999.000 -999.000 -999.000 -999.000 -999.000 -999.000 -999.000 -999.000 -999.000
-999.000 -999.000 -999.000 -999.000 -999.000 -999.000 -999.000 -999.000 -999.000 -999.000 -999.000 -999.000 -999.000 -999.000 -999.000 -999.000 -999.000 119.692 98.915 87.724 103.019 86.582 111.847 119.491 120.73 112.601 67.683 70.314 118.84 135.303 142.106 138.491 104.364 114.868 95.078 118.429 133.055 133.098 145.01 131.838 110.424 121.629 163.524 -999.000 -999.000 -999.000 -999.000 -999.000 -999.000 -999.000 -999.000 -999.000 -999.000 169.793 169.445 167.05 -999.000 -999.000 -999.000 154.501 151.294 134.796 144.246 -999.000 -999.000 -999.000 -999.000
-999.000 -999.000 -999.000 -999.000 -999.000 -999.000 -999.000 -999.000 -999.000 -999.000 -999.000 -999.000 -999.000 -999.000 -999.000 -999.000 -999.000 129.413 112.819 80.623 78.953 88.594 127.244 120.61 117.298 116.627 73.271 116.702 137.436 137.861 136.408 135.192 106.587 118.51 95.174 106.102 121.121 132.301 152.735 128.229 99.667 131.971 157.363 152.49 154.02 -999.000 -999.000 -999.000 -999.000 -999.000 -999.000 169.888 169.696 167.582 148.67 139.441 130.877 134.522 142.641 136.525 128.886 118.645 145.24 144.119 -999.000 -999.000 -999.000
-999.000 -999.000 -999.000 -999.000 -999.000 -999.000 -999.000 -999.000 -999.000 -999.000 -999.000 -999.000 -999.000 -999.000 -999.000 -999.000 110.966 120.983 106.342 67.223 67.081 110.522 126.538 115.363 108.007 95.135 73.358 124.318 137.723 123.501 128.38 112.554 117.703 126.057 93.28 111.454 126.606 127.113 133.808 86.497 92.543 152.08 140.383 126.328 169.268 169.963 169.994 -999.000 -999.000 -999.000 169.936 169.529 166.315 153.579 146.057 136.501 124.682 116.434 108.382 117.3 106.886 102.007 107.541 135.146 168.326 169.256 -999.000
-999.000 -999.000 -999.000 -999.000 -999.000 -999.000 -999.000 -999.000 -999.000 -999.000 -999.000 -999.000 -999.000 -999.000 -999.000 87.965 93.022 101.578 95.108 60.298 56.669 101.328 114.02 106.467 97.27 65.834 70.399 114.246 100.142 100.655 111.168 114.265 128.176 99.39 93.84 141.138 145.687 135.515 108.703 79.058 110.3 130.977 103.086 116.232 159.824 169.356 169.816 169.954 169.973 179.722 169.916 169.898 169.778 164.165 152.657 151.51 139.685 124.034 103.52 99.557 101.659 96.738 94.238 113.911 134.337 150.302 164.339
-999.000 -999.000 -999.000 -999.000 -999.000 -999.000 -999.000 -999.000 -999.000 -999.000 -999.000 -999.000 -999.000 -999.000 81.398 83.381 87.992 91.755 90.462 72.62 49.516 85.051 101.907 109.667 82.935 57.584 94.898 117.173 95.248 119.414 129.977 120.179 117.461 90.274 121.654 148.06 137.505 126.577 107.119 67.149 88.71 84.284 91.166 105.845 118.401 135.744 148.315 166.086 169.895 169.971 169.804 169.439 168.098 166.348 165.311 155.847 136.308 121.2 106.243 98.736 96.232 91.582 87.176 90.8 96.655 112.722 134.025
-999.000 -999.000 -999.000 -999.000 -999.000 -999.000 -999.000 -999.000 -999.000 -999.000 -999.000 -999.000 -999.000 75.973 76.965 79.724 84.226 88.586 88.391 78.309 42.248 64.074 88.688 91.74 81.566 48.163 87.371 77.61 87.884 124.495 113.182 98.935 73.923 83.03 128.292 132.365 120.53 94.023 88.195 55.87 57.417 69.757 82.836 99.549 124.231 157.12 160.329 166.551 166.824 169.857 165.561 141.278 143.226 143.251 146.456 149.178 130.702 116.698 114.998 123.205 124.378 123.192 84.205 79.801 81.805 95.514 111.075
-999.000 -999.000 -999.000 -999.000 -999.000 -999.000 -999.000 -999.000 -999.000 -999.000 -999.000 -999.000 -999.000 67.67 71.045 76.023 83.458 86.278 86.935 83.927 37.451 33.037 33.166 64.196 66.523 38.801 40.994 55.765 92.393 104.981 87.746 55.452 66.316 109.272 104.474 97.238 98.891 78.851 81.152 48.005 77.536 98.851 105.524 129.215 144.709 139.593 144.928 142.422 152.881 144.864 141.699 111.679 117.094 100.604 118.184 126.798 135.327 137.79 135.253 133.633 139.455 136.634 122.724 68.574 74.243 105.682 111.996
-999.000 -999.000 -999.000 -999.000 -999.000 -999.000 -999.000 -999.000 -999.000 -999.000 -999.000 -999.000 57.99 60.988 73.897 76.287 81.196 84.264 83.995 81.049 63.388 47.775 30.233 25.676 43.091 27.238 32.602 61.128 78.178 86.038 67.456 44.992 69.646 88.549 78.913 68.115 68.536 63.937 60.815 46.437 78.136 88.924 100.384 112.825 116.155 113.789 115.776 124.88 139.451 117.745 101.549 76.282 75.487 83.527 91.804 98.973 120.068 139.032 148.725 152.339 150.8 139.371 112.984 55.696 84.327 112.799 122.859
-999.000 -999.000 -999.000 -999.000 -999.000 -999.000 -999.000 -999.000 -999.000 -999.000 -999.000 49.027 52.793 65.246 65.074 71.35 78.414 79.383 80.799 78.816 73.128 62.703 56.879 22.683 19.396 21.942 22.464 23.565 26.965 33.451 38.659 42.16 80.911 88.183 67.275 49.553 53.886 47.563 42.992 42.573 62.023 69.654 76.338 87.316 97.995 105.268 111.649 112.555 114.242 95.479 72.079 72.478 121.92 135.191 123.794 103.866 107.294 119.725 142.115 154.271 148.073 140.913 108.47 48.913 80.218 117.667 127.617
-999.000 -999.000 -999.000 -999.000 -999.000 -999.000 -999.000 -999.000 -999.000 -999.000 -999.000 44.219 49.112 55.433 62.616 72.462 73.661 73.401 75.94 74.635 79.57 63.568 63.626 61.909 18.753 16.516 19.965 48.186 49.355 50.817 53.896 48.398 70.216 72.389 60.803 44.183 29.689 35.921 39.941 78.561 98.45 101.677 96.023 92.929 113.554 125.163 126.539 102.607 67.241 69.086 72.815 124.23 144.918 148.545 147.998 130.251 113.38 104.075 124.583 116.068 103.319 87.26 78.38 41.649 77.959 102.558 121.11
-999.000 -999.000 -999.000 -999.000 -999.000 -999.000 -999.000 -999.000 -999.000 -999.000 36.424 42.291 42.751 50 66.787 71.479 69.855 67.03 66.365 70.642 76.934 66.347 49.877 54.608 42.11 14.695 68.532 84.207 87.543 84.082 68.036 45.417 47.886 55.884 21.078 21.786 23.834 65.984 64.764 69.688 89.602 95.59 122.214 126.918 126.784 125.506 111.723 96.844 62.052 102.008 138.25 146.045 124.445 121.19 128.835 125.162 111.934 97.602 101.86 78.67 85.266 80.313 32.471 35.502 84.116 110.81 134.441
-999.000 -999.000 -999.000 -999.000 -999.000 -999.000 -999.000 -999.000 -999.000 -999.000 36.18 38.066 41.751 55.194 63.308 65.424 62.764 59.574 58.149 69.145 72.464 72.834 48.732 44.035 12.023 12.056 73.731 69.835 75.531 74.126 58.874 42.19 39.317 42.29 18.066 45.903 79.716 61.897 63.695 80.915 73.727 82.305 115.547 125.233 117.116 98.858 87.898 51.267 53.421 109.427 141.242 133.347 125.953 93.936 111.675 99.118 85.193 90.862 76.037 76.639 63.731 63.463 25.2 61.948 95.015 126.425 136.446
-999.000 -999.000 -999.000 -999.000 -999.000 -999.000 -999.000 -999.000 -999.000 -999.000 30.978 35.44 42.597 50.044 59.559 59.379 47.654 48.258 57.723 66.309 67.001 65.432 56.728 36.737 9.929 24.048 55.188 52.457 57.692 59.903 67.389 50.23 31.659 29.235 15.454 57.266 55.545 58.67 84.131 81.73 67.838 78.155 83.996 95.549 85.205 80.058 64.599 42.192 83.549 132.54 148.777 117.982 97.89 74.578 89.727 76.935 56.95 68.739 51.077 37.907 29.572 10.743 18.501 72.424 114.897 125.301 136.016
-999.000 -999.000 -999.000 -999.000 -999.000 -999.000 -999.000 -999.000 -999.000 -999.000 30.67 36.931 36.992 42.381 46.412 51.466 43.186 47.336 61.525 63.061 61.4 60.643 43.85 25.037 6.877 35.875 45.757 41.694 44.995 62.376 64.585 50.508 20.601 8.862 11.399 42.104 50.312 81.32 88.061 61.025 67.985 88.266 76.016 67.719 76.204 57.764 32.234 35.925 75.269 111.503 139.763 120.967 75.34 55.88 65.371 73.195 44.937 31.253 27.287 5.55 4.478 8.694 61.703 91.954 108.09 126.714 114.991
-999.000 -999.000 -999.000 -999.000 -999.000 -999.000 -999.000 -999.000 -999.000 -999.000 38.471 29.703 33.399 35.935 42.34 32.888 36.295 57.458 61.018 60.02 57.475 54.228 41.485 2.597 4.676 50.528 47.037 33.237 55.184 58.042 74.674 71.745 46.576 6.66 7.979 66.585 75.289 81.71 76.871 56.038 83.23 79.581 79.976 64.869 55.495 30.555 29.447 70.755 98.257 120.249 121.259 120.316 88.279 55.988 43.152 38.306 68.715 20.742 7.741 -1.784 19.17 44.033 30.678 48.233 63.442 75.143 90.867
-999.000 -999.000 -999.000 -999.000 -999.000 -999.000 -999.000 -999.000 -999.000 -999.000 42.027 32.367 30.808 32.823 37.415 31.631 43.796 55.99 58.256 55.53 52.9 42.87 24.91 0.281 42.121 49.797 45.685 27.467 43.563 54.233 66.761 70.684 39.793 5.602 35.405 63.375 66.253 70.035 47.583 50.145 75.519 72.002 69.347 74.665 64.011 22.43 45.196 86.277 87.283 99.771 88.652 122.88 113.536 85.835 59.357 31.574 55.735 57.976 1.945 -7.359 27.412 11.146 31.576 64.877 79.249 97.142 112.565
-999.000 -999.000 -999.000 -999.000 -999.000 -999.000 -999.000 -999.000 -999.000 -999.000 39.813 26.053 30.603 26.34 27.015 31.682 52.374 55.204 53.361 50.051 48.834 42.081 28.503 -2.074 42.004 43.331 37.383 23.95 44.697 49.432 53.922 54.676 26.045 4.996 56.493 63.96 57.937 66.565 42.393 60.606 60.549 55.27 61.726 66.82 45.949 18.592 47.513 53.239 65.758 61.93 90.248 99.216 102.961 80.503 78.1 25.513 18.463 42.294 28.726 -10.557 1.635 9.723 46.769 73.711 87.473 108.519 128.893
-999.000 -999.000 -999.000 -999.000 -999.000 -999.000 -999.000 -999.000 -999.000 -999.000 40.404 24.756 20.405 19.215 22.801 46.671 54.548 54.473 51.523 46.204 44.506 31.93 25.416 -2.649 38.82 44.975 20.768 21.737 36.947 45.23 39.45 35.819 13.597 3.089 55.744 48.182 50.913 32.187 35.677 44.603 48.979 53.284 67.008 48.291 14.148 19.122 66.81 37.197 58.022 48.45 88.296 80.034 86.345 55.562 66.975 61.239 6.257 28.829 34.314 -12.463 -0.18 29.993 57.577 75.54 96.069 116.137 146.182
-999.000 -999.000 -999.000 -999.000 -999.000 -999.000 -999.000 -999.000 -999.000 -999.000 40.512 30.935 18.328 11.514 32.784 47.418 51.329 49.855 49.238 38.333 38.886 30.052 13.71 -3.481 36.494 37.027 12.904 38.165 42.913 38.3 40.736 19.574 -0.327 1.716 36.483 31.134 15.28 23.962 52.888 64.296 70.011 70.592 52.924 28.583 7.357 13.081 18.238 22.716 31.195 42.768 72.076 78.592 59.441 46.142 53.064 66.901 4.178 -4.433 26.563 -13.017 -13.265 25.784 73.073 93.422 109.948 131.329 151.204
-999.000 -999.000 -999.000 -999.000 -999.000 -999.000 -999.000 -999.000 -999.000 -999.000 39.758 34.233 29.301 6.717 19.502 37.921 37.803 35.213 36.281 26.009 30.624 26.285 2.116 -3.75 26.631 20.309 5.988 34.26 32.762 27.282 22.503 -1.776 -0.79 29.226 16.372 10.285 13.365 47.659 54.322 72.776 64.832 69.689 46.773 6.895 6.148 40.67 52.164 60.783 63.477 65.98 76.559 67.774 45.82 36.887 46.847 69.366 55.322 -6.159 2.032 -11.155 1.507 35.393 64.339 99.288 122.282 139.284 145.044
-999.000 -999.000 -999.000 -999.000 -999.000 -999.000 -999.000 -999.000 -999.000 -999.000 36.872 31.648 29.881 5.706 2.521 29.666 23.071 28.96 15.466 19.261 27.614 23.055 8.973 -3.687 15.283 14.41 2.509 22.61 27.58 25.226 -2.229 -1.389 20.159 20.065 2.3 8.403 37.092 39.394 62.717 70.638 53.798 66.844 34.697 4.616 43.796 70.307 78.95 81.827 85.12 85.122 80.371 59.786 35.567 33.408 64.675 52.519 47.245 -3.377 -9.531 -9.969 17.821 52.612 79.173 87.386 103.239 95.955 112.537
-999.000 -999.000 -999.000 -999.000 -999.000 -999.000 -999.000 23.196 30.163 34.027 34.025 28.439 26.307 2.575 2.883 7.303 9.296 12.665 14.63 26.123 28.372 18.531 9.887 -3.103 7.65 9.36 0.651 13.94 19.655 13.205 -1.967 11.218 13.062 -0.9 1.161 23.561 26.538 34.838 60.66 66.528 40.947 61.379 30.088 4.762 55.013 57.611 66.645 63.747 72.712 61.291 60.714 55.139 26.558 52.028 70.75 43.467 26.323 1.692 -7.41 6.232 35.656 65.14 52.111 74.627 87.816 75.042 98.124
