GIS/plot_heads/output/carmel_dtw.txt
ncols         406
nrows         328
xllcorner     595500
yllcorner     4015200
cellsize      100
NODATA_value  -999.000
[rows 180 to 209 of 328, columns 201 to 267 of 406]
27.839 -0.448 3.843 64.337 97.922 123.884 104.811 72.947 35.807 7.698 12.719 18.054 43.634 68.117 64.818 -20.247 -19.25 -19.347 -19.663 -20.592 31.619 39.536 19.007 24.614 34.79 74.436 61.356 20.811 21.979 61.857 67.061 75.775 72.012 45.041 24.87 2.267 2.748 6.629 8.815 -13.108 -13.572 -11.744 -1.559 2.563 6.447 11.881 9 10.818 6.843 4.317 1.168 10.34 3.92 5.4 7.311 15.936 26.071 3.012 29.523 23.018 4.125 25.071 41.335 39.662 46.43 15.076 19.147
47.961 -8.443 24.045 76.794 112.379 116.49 114.897 88.432 47.841 65.436 78.851 69.793 87.026 122.326 100.842 44.256 -15.469 -19.185 5.258 18.053 32.671 45.686 68.452 81.083 91.791 114.777 111.597 76.363 83.398 99.775 116.357 127.721 122.321 89.969 49.459 20.699 21.382 22.86 16.394 8.311 -12.725 -13.685 1.97 4.071 5.652 8.886 11.514 12.636 14.36 13.288 13.722 11.334 14.376 10.93 16.132 24.945 17.526 -2.771 24.737 12.991 -3.59 27.764 43.175 34.978 26.338 10.595 26.572
36.339 1.892 31.554 77.833 116.784 126.961 121.697 103.213 76.966 100.244 111.629 113.741 122.8 94.046 81.172 32.413 -12.821 2.404 21.894 17.633 35.69 53.161 95.473 140.652 142.256 158.848 147.634 149.274 140.088 136.393 149.816 157.168 141.877 81.303 52.676 36.512 37.296 28.914 20.405 12.583 -3.198 -12.811 1.791 3.884 7.204 11.675 15.46 21.944 29.109 37.27 30.98 27.221 20.268 13.133 13.773 19.734 16.744 -1.136 16.367 -8.281 -0.976 16.222 24.551 18.109 26.647 5.977 18.304
5.972 6.767 66.939 85.355 128.916 133.971 128.059 118.245 106.789 139.313 137.228 95.679 73.366 34.022 -9.006 -10.138 -10.14 25.546 35.148 44.21 33.556 53.986 96.704 153.846 166.636 168.932 169.146 169.617 167.683 169.273 168.525 167.858 114.124 102.763 107.021 64.651 47.095 30.047 20.471 12.87 -3.159 -11.667 -12.719 1.704 5.542 12.772 18.589 22.341 31.373 40.757 48.632 32.12 17.961 10.213 4.797 7.021 13.136 -2.114 8.334 -10.202 10.767 22.259 11.87 3.047 17.118 3.049 13.785
15.45 48.843 70.759 121.673 150.886 145.649 144.193 138.609 154.969 160.332 137.183 73.428 -5.527 -7.626 -9.856 31.769 42.31 35.364 45.388 77.607 62.98 48.238 67.563 136.027 169.354 169.262 169.66 169.757 169.582 169.614 169.865 167.381 146.619 165.75 136.123 85.163 88.199 50.796 29.136 17.386 1.093 -9.339 -11.164 -11.228 -1.749 7.831 14.855 18.462 22.92 26.478 36.811 47.238 11.975 2.294 -0.24 3.591 8.832 2.419 -7.189 -7.666 9.203 11.981 15.583 -4.998 -11.337 -4.41 0.615
28.96 74.933 99.406 131.225 159.594 161.04 164.824 166.688 169.152 134.48 101.219 59.141 -7.419 24.474 42.142 68.165 105.856 88.63 53.354 66.48 98.228 91.765 72.074 88.404 150.991 169.331 169.866 169.665 169.834 169.901 169.781 168.688 169.36 169.85 132.018 106.295 119.144 85.014 54.254 26.662 12.029 -2.707 -7.48 -10.239 -10.966 -12.307 9.282 12.497 16.069 17.982 21.203 27.923 13.113 5.305 5.984 11.761 14.488 10.939 -8.289 -13.91 1.656 5.359 3.123 -13.975 -17.277 -11.076 -7.204
91.867 101.505 140.564 161.842 166.908 168.304 168.74 167.344 139.408 87.232 41.284 -8.003 -9.447 32.676 81.326 91.012 116.512 131.484 107.023 74.587 121.053 123.587 120.339 102.054 115.922 138.521 169.64 169.983 174.303 178.713 169.701 169.478 169.844 168.556 156.779 168.983 146.862 104.115 68.663 34.965 22.941 11.768 1.272 -3.891 -6.713 -9.027 -8.816 -1.523 5.426 12.305 13.216 13.209 9.018 6.281 4.344 8.982 15.494 17.37 4.979 -11.513 -2.563 -11.744 -12.994 -13.613 1.86 5.12 15.443
128.321 134.051 160.185 158.44 131.798 149.549 154.108 117.015 88.227 71.285 31.448 -10.962 21.357 59.773 81.836 100.017 121.066 145.431 146.353 89.21 91.575 100.333 156.875 164.934 159.868 145.723 169.433 169.918 187.468 189.911 169.914 169.617 168.987 169.223 169.827 169.661 158.116 119.607 89.683 52.206 25.204 18.919 10.188 1.511 -6.21 -7.318 -7.196 -7.265 -6.166 3.814 9.561 9.503 7.534 6.84 6.368 11.536 16.137 18.76 5.72 -12.623 -12.985 -10.866 -3.726 -1.348 1.6 32.506 35.453
155.495 158.309 151.981 122.314 97.74 81.566 96.986 105.252 52.339 23.568 -14.003 -14.751 16.011 55.46 73.495 115.595 135.602 153.444 168.538 156.663 127.334 100.683 165.591 169.627 169.68 161.72 162.397 169.811 169.998 180.66 169.646 169.313 169.374 169.947 169.892 168.616 154.759 133.776 106.115 56.443 31.163 23.365 18.334 10.378 -6.221 -5.171 -5.181 -4.876 -5.735 -0.894 5.122 4.262 2.181 3.67 3.068 5.232 8.601 13.92 2.997 -14.064 1.635 11.302 14.137 21.171 28.418 29.019 58.802
164.625 145.517 118.531 91.126 67.537 43.606 33.193 24.914 44.6 -15.113 -14.557 -1.519 10.939 32.337 56.837 109.316 150.322 167.157 169.221 169.347 137.624 106.049 151.439 169.706 169.79 169.869 167.486 168.11 169.992 171.963 169.824 169.85 169.998 169.981 169.425 169.225 165.605 149.114 105.557 71.681 41.285 27.507 20.648 7.613 -5.996 -3.814 -3.145 -2.665 -3.849 -5.646 -0.964 -6.242 -11.644 -15.091 1.62 1.517 1.557 4.505 -13.459 -9.828 17.675 23.73 31.34 36.923 37.515 53.714 65.318
168.986 167.267 157.32 144.365 121.162 100.548 67.756 16.103 4.945 -16.243 -7.772 26.873 52.531 71.292 66.626 82.492 119.735 156.626 169.892 169.62 162.664 113.244 111.672 168.338 169.82 169.933 169.811 169.265 169.541 181.324 183.288 183.043 176.566 177.293 169.983 169.88 165.856 140.833 119.76 79.344 31.959 20.158 4.622 -7.96 -6.008 -1.644 -1.132 -2.652 -3.519 -3.984 -8.873 -11.521 -13.318 -13.451 -1.68 0.962 -3.522 -15.136 -14.09 7.154 12.796 16.533 15.22 15.795 26.918 30.358 50.77
164.024 168.381 167.635 162.841 146.92 125.16 111.634 81.925 29.555 -16.319 1.997 0.78 50.377 82.782 85.337 110.946 137.053 158.392 169.211 169.853 167.315 166.493 124.697 136.108 164.077 169.434 169.976 175.709 173.121 187.47 183.422 169.946 169.273 169.113 162.169 148.057 95.261 79.69 63.903 49.249 42.738 34.812 8.448 -8.455 -2.058 5.093 5.598 16.625 14.15 10.995 6.146 9.734 8.136 -14.512 -11.197 -15.602 -18.567 -18.793 -9.485 -0.831 -1.722 0.315 6.151 7.49 16.047 32.473 38.597
154.633 149.006 155.506 133.191 122.607 112.262 99.51 37.431 -16.591 -18.18 7.25 5.247 9.067 69.357 91.14 114.03 138.031 161.381 167.097 169.645 169.832 169.51 149.185 165.983 168.849 169.176 169.991 202.981 202.341 202.343 183.681 169.951 169.757 142.45 118.444 105.816 105.367 126.68 109.701 89.662 74.455 49.732 13.208 -8.909 10.775 25.973 15.177 20.145 42.882 32.925 38.987 34.833 29.498 -17.588 -18.13 -18.634 -20.283 -19.2 -17.134 -18.786 -20.003 -21.794 -4.188 2.411 18.755 21.991 27.568
132.055 112.842 132.672 92.758 41.903 57.22 56.695 -16.061 -18.668 7.67 17.712 55.096 11.924 19.071 68.737 113.703 144.158 162.433 169.396 169.749 169.951 169.742 163.15 167.153 169.74 169.705 169.965 209.617 219.129 182.853 169.737 168.045 156.229 155.04 165.159 163.485 165.453 159.346 91.288 69.678 62.391 38.937 2.004 -10.981 13.493 32.702 37.098 22.4 47.068 65.543 66.105 62.058 60.163 17.896 -7.394 -2.006 -1.559 -22.91 -22.769 -21.012 -4.756 -18.983 -21.071 -9.981 5.359 13.504 27.491
83.707 52.603 65.208 47.201 8.614 -25.416 -21.466 -20.163 -3.678 27.921 60.33 68.211 74.948 28.299 27.913 85.12 112.322 159.573 169.56 169.888 171.068 169.943 169.71 168.364 168.949 169.961 188.909 220.265 232.846 214.203 190.491 169.995 169.852 169.819 169.747 169.728 169.539 139.539 102.413 70.913 38.013 -12.562 -13.008 -14.111 25.864 46.88 63.006 28.602 28.701 62.985 70.789 77.639 76.948 41.309 55.533 46.623 14.997 18.934 4.93 1.569 1.887 0.835 -18.536 -20.535 -22.863 1.559 12.687
50.383 27.898 1.277 -16.414 -32.174 -29.667 -8.813 -5.807 24.826 42.793 78.427 104.08 99.589 97.127 35.654 42.686 114.019 157.303 169.594 169.845 169.672 169.965 169.904 169.913 169.39 174.341 213.042 245.862 233.187 214.808 208.811 195.421 188.598 179.547 181.818 169.996 169.424 128.5 77.957 52.611 8.475 -15.531 13.877 28.319 49.598 77.086 96.322 58.853 31.553 31.161 37.584 61.513 65.415 55.864 71.902 56.885 42.172 31.967 28.78 14.005 3.522 2.258 -2.012 -9.91 -19.476 -11.106 -5.456
23.441 -24.278 -25.783 -34.311 -31.958 27.174 45.117 10.28 20.994 75.473 105.318 138.38 137.799 130.179 79.441 45.407 101.495 136.482 154.26 169.233 169.933 169.959 170.826 169.72 169.975 188.268 226.371 223.424 224.679 225.194 227.187 217.973 171.434 169.988 169.926 169.645 152.014 128.345 79.299 25.949 -16.696 -15.75 25.396 55.893 78.917 101.366 119.97 94.476 72.656 41.215 42.588 44.135 54.972 55.641 60.457 66.298 48.948 53.511 41.887 27.716 16.629 6.587 1.302 -11.116 -18.474 -18.062 -18.393
-1.43 -26.089 1.393 -26.958 -19.728 58.591 74.283 71.304 56.497 90.818 150.578 169.235 160.506 139.786 104.332 52.106 60.613 83.475 120.658 165.223 169.451 169.871 169.971 169.947 183.898 203.224 200.82 169.998 183.198 215.34 200.951 192.012 169.973 169.483 159.807 118.875 84.608 75.734 30.445 11.875 -17.477 -11.479 17.975 67.922 101.312 126.527 144.986 131.553 91.034 67.682 50.195 48.396 48.36 59.806 63.251 66.823 63.758 65.817 55.943 40.127 17.872 3.699 1.632 -8.656 -11.961 -15.189 -16.36
10.897 -24.696 -9.229 15.533 -20.45 4.519 60.013 80.509 101.404 105.567 164.259 169.829 169.196 160.521 146.697 62.639 59.771 92.784 110.568 165.578 169.575 169.649 169.89 175.843 193.554 212.012 193.856 169.821 169.312 169.954 169.941 169.641 169.855 169.841 169.331 141.317 97.982 49.075 35.629 15.403 3.208 -13.617 5.511 59.671 119.817 141.078 155.658 147.96 110.185 76.653 61.195 62.758 56.56 55.482 62.886 65.102 68.229 67.725 65.635 48.309 5.999 1.675 -8.577 -7.322 -4.138 -9.929 -6.636
-30.589 -27.914 -7.602 1.263 50.958 7.164 17.188 41.567 115.281 119.1 148.585 169.711 169.82 169.784 163.976 85.877 111.528 153.436 120.898 167.984 169.84 170.949 189.34 203.397 218.243 213.926 170.761 169.313 164.548 154.594 167.924 146.97 168.055 168.468 133.886 93.744 86.574 47.637 27.7 11.872 0.96 -10.99 12.692 53.088 109.979 156.729 167.434 155.765 109.874 89.809 78.949 71.455 59.393 57.482 59.785 62.568 62.587 60.411 45.817 10.719 9.025 27.899 -7.387 4.255 5.104 -4.346 -0.285
-33.409 12.01 48.49 6.96 52.848 90.632 34.611 38.689 53.128 106.733 154.692 169.577 172.382 176.687 169.687 103.952 105.511 159.729 139.235 151.161 164.824 169.896 172.934 200.466 221.428 217.011 187.53 169.407 168.332 133.661 106.617 103.17 86.464 109.649 110.995 64.975 41.925 25.379 22.271 -16.43 -15.1 -15.197 10.566 41.629 79.185 156.059 169.848 158.18 124.719 110.13 89.938 70.641 59.884 63.26 59.668 58.565 54.815 23.861 16.867 13.217 37.774 26.807 -6.54 15.32 20.063 1.616 9.168
-29.801 -14.16 62.173 15.665 26.609 85.519 110.907 110.727 68.003 73.016 94.653 159.246 169.956 189.915 169.92 168.823 125.735 161.765 169.238 169.667 167.512 169.416 195.511 212.376 203.794 204.609 172.426 169.902 169.674 167.005 130.482 84.085 45.969 22.862 20.609 68.213 54.972 8.123 -16.929 -19.509 -1.642 2.184 13.37 66.985 98.227 130.364 156.747 169.351 156.863 137.711 119.114 77.836 82.698 77.659 61.588 54.745 47.382 30.031 51.308 52.966 39.884 11.174 -5.841 1.693 33.392 12.833 26.636
36.129 -4.302 50.887 99.549 43.935 60.513 125.671 155.582 112.528 116.451 102.478 152.46 169.765 191.387 178.804 169.778 147.636 161.76 169.854 169.961 181.727 170.066 198.811 195.063 173.243 176.078 187.457 183.539 169.845 169.668 169.136 148.971 124.072 106.096 20.331 7.995 32.27 5.764 -18.021 -8.115 4.998 15.16 29.656 52.533 112.506 153.818 163.159 169.376 174.907 169.184 139.257 95.505 119.37 109.012 84.706 58.601 40.925 41.216 63.474 49.406 33.756 -1.965 -0.327 2.693 36.459 36.028 35.942
98.393 32.423 37.104 80.597 64.096 74.859 145.204 169.273 151.762 165.699 120.631 136.034 169.475 176.726 194.955 169.956 168.651 165.219 166.582 175.031 211.263 213.083 221.84 182.592 166.234 166.571 169.544 181.406 169.762 169.868 169.847 169.232 165.944 139.64 86.111 2.686 -4.765 1.388 -4.434 10.387 21.785 47.963 74.592 77.038 113.7 158.895 169.562 169.642 179.238 179.088 152.146 122.037 152.777 131.102 109.97 63.178 50.065 48.157 62.595 48.895 9.131 1.014 34.148 6.257 13.371 46.012 47.315
128.982 124.852 93.412 106.743 109.698 78.317 151.778 169.686 168.704 169.443 167.042 140.283 155.397 169.977 199.152 186.248 169.595 169.982 169.499 169.638 215.464 229.779 187.313 169.029 164.195 129.895 169.256 169.836 169.34 156.217 134.874 134.937 138.062 128.857 75.532 50.052 -0.545 -3.59 0.3 16.321 69.47 82.824 110.672 115.143 153.741 168.887 169.913 183.278 191.382 174.577 168.44 158.017 168.495 151.208 107.209 80.229 69.615 60.202 63.457 32.46 20.443 26.889 29.39 39.541 17.271 47.899 49.505
126.04 152.837 143.469 162.505 138.03 102.569 121.212 169.5 176.39 176.874 169.808 169.47 165.256 168.953 203.252 208.315 178.569 206.987 218.282 194.316 240.318 245.421 207.652 168.886 143.339 108.734 103.312 145.973 155.195 112.711 81.129 62.863 75.772 85.647 64.968 27.542 -10.63 -7.795 -4.994 -3.584 37.072 88.262 120.939 147.085 164.596 169.938 185.394 206.586 205.47 192.256 169.785 169.394 166.879 146.438 116.249 111.266 84.119 92.455 70.673 35.461 54.978 43.081 33.928 35.683 26.263 48.796 38.088
114.851 169.372 168.676 169.882 158.713 149.061 121.502 169.104 183.502 204.412 196.958 182.799 184.686 169.93 219.695 244.106 217.714 227.109 244.245 240.029 229.865 237.627 228.659 183.047 169.011 132.655 90.995 81.146 72.766 59.98 48.394 38.237 29.533 21.783 11.59 -1.866 -11.004 -7.397 -8.878 -7.339 -6.453 23.773 69.328 117.627 127.519 167.901 169.961 202.45 230.079 204.703 173.474 169.712 169.501 165.643 140.78 125.256 110.562 82.326 61.5 44.398 68.659 51.768 53.043 45.485 36.572 42.23 25.399
154.075 169.885 170.241 169.855 168.817 160.647 141.021 166.247 177.777 209.126 222.508 217.057 222.726 207.539 231.699 203.918 216.319 230.281 240.893 228.449 174.401 171.127 213.931 208.707 172.487 168.905 151.077 117.729 75.702 95.074 92.334 93.944 57.284 41.105 25.493 9.561 2.251 -3.123 -5.367 -10.417 -9.638 -9.594 29.149 36.722 73.183 132.04 166.422 182.908 220.571 227.68 197.645 186.854 176.472 169.795 168.461 146.689 130.476 99.407 72.262 92.119 74.883 71.484 52.154 48.641 43.32 42.525 28.676
158.879 176.735 194.331 169.849 168.943 167.94 165.324 169.454 169.946 203.36 224.043 242.704 241.636 254.847 218.844 169.845 169.29 188.83 184.357 197.602 171.361 163.846 169.953 195.679 193.561 178.079 168.156 168.776 167.496 161.074 114.306 93.181 69.64 41.721 23.387 16.975 11.688 7.799 3.336 -9.521 -11.915 -12.408 -10.943 14.554 58.779 108.397 169.542 200.431 217.827 210.777 221.385 213.342 201.519 187.958 169.561 164.986 130.928 112.069 90.745 122.582 105.963 92.097 65.955 54.659 57.112 53.516 35.517
144.28 172.904 193.601 169.89 169.952 169.826 169.679 169.94 170.894 200.282 233.226 254.573 219.949 208.418 226.421 190.718 162.114 153.69 163.51 174.223 169.939 136.34 118.157 169.123 184.941 177.14 180.833 183.59 186.164 169.568 140.835 124.373 115.803 98.3 41.737 32.244 27.803 18.609 9.94 1.528 -13.008 -14.151 -15.31 19.39 65.92 112.26 169.23 187.186 191.594 169.921 194.532 221.732 214.419 188.123 169.854 169.08 154.743 146.656 119.978 162.773 144.998 91.517 81.099 75.579 80.201 62.676 38.743
