GIS/plot_heads/output/carmel_dtw.txt
ncols         406
nrows         328
xllcorner     595500
yllcorner     4015200
cellsize      100
NODATA_value  -999.000
[rows 180 to 209 of 328, columns 335 to 401 of 406]
64.867 -2.81 3.118 13.024 81.423 111.804 140.359 107.34 81.722 28.366 -8.713 -8.135 31.374 89.592 97.693 57.844 83.903 122.5 138.995 141.263 92.594 89.814 98.824 107.967 146.956 161.357 165.669 168.443 147.413 103.293 57.058 18.147 23.392 -4.871 -41.42 2.619 37.761 52.536 39.828 65.652 100.179 87.953 83.377 101.771 72.222 26.514 1.554 -26.759 1.558 -27.122 -22.281 -10.086 22.488 20.679 31.974 25.773 10.003 -20.351 -20.905 1.623 32.975 51.37 -999.000 -999.000 -999.000 -999.000 -999.000
23.03 -10.696 41.637 71.471 94.053 126.931 116.954 78.369 40.387 -6.338 0.137 53.405 65.221 105.357 137.508 100.23 97.086 123.841 124.549 131.337 90.809 129.698 148.552 147.725 165.017 169.241 169.043 162.115 136.97 103.506 75.596 10.159 -11.107 -39.899 -43.133 -0.214 57.457 78.708 99.318 94.463 106.027 123.741 116.653 113.06 91.46 61.144 14.781 -32.977 -29.885 -33.835 1.64 28.625 49.883 46.097 27.008 15.525 -18.835 -32.518 1.6 3.586 12.132 27.129 33.596 -999.000 -999.000 -999.000 -999.000
-21.648 -8.624 52.34 85.914 103.615 95.285 59.253 38.919 -7.511 -2.947 70.861 89.802 115.239 133.346 153.819 146.61 135.818 122.597 100.293 87.462 94.348 158.336 168.586 169.353 169.289 165.06 168.542 155.298 113.259 69.126 49.102 32.27 -35.525 -35.426 -0.095 15.902 41.433 72.03 86.928 105.488 123.309 132.394 114.259 107.835 93.736 48.78 1.672 -36.837 1.698 23.89 34.256 39.021 48.926 34.299 1.687 -33.313 -38.528 4.299 19.084 30.463 13.68 14.292 23.423 33.821 -999.000 -999.000 -999.000
-0.487 29.284 53.867 68.219 89.556 79.091 -8.097 -8.339 -2.102 36.822 101.939 136.39 153.688 162.781 169.276 169.632 161.535 152.755 95.522 77.031 149.559 167.71 164.719 169.506 155.56 157.922 165.756 151.847 121.015 91.011 19.805 -5.059 -32.761 -29.866 -23.04 32.356 29.499 13.709 30.171 56.562 96.295 111.12 98.368 95.051 67.391 41.874 9.887 -33.725 1.615 16.751 43.836 38.454 17.801 1.573 -38.737 -38.294 -3.948 12.676 31.373 4.207 7.543 16.297 31.438 40.666 -999.000 -999.000 -999.000
1.638 15.226 34.641 37.375 40.469 47.795 -11.472 26.317 65.579 58.532 82.836 121.965 157.859 169.271 168.731 156.918 157.98 126.42 72.867 72.595 151.746 149.142 162.252 164.762 140.569 160.905 158.564 142.493 107.704 74.501 32.047 -27.013 -31.959 22.367 -11.427 -10.611 1.194 41.19 65.828 69.947 90.692 112.576 91 93.748 74.138 24.117 1.62 -27.414 1.573 11.869 38.607 39.956 1.612 -29.086 -39.132 1.552 15.019 31.981 1.64 1.537 9.365 26.66 28.329 43.465 -999.000 -999.000 -999.000
35.891 14.217 14.288 4.518 18.999 -20.126 -18.156 37.473 68.55 99.379 120.186 149.086 164.45 169.476 167.607 143.946 152.274 147.764 79.602 65.725 94.949 120.928 158.33 118.471 134.735 165.428 144.839 109.458 85.998 61.117 -29.621 -29.712 -3.229 16.361 46.467 -3.435 1.938 50.79 80.765 98.343 106.867 103.939 84.39 102.932 89.547 52.457 16.355 -28.94 1.664 28.796 35.232 10.557 -37.753 -37.838 -10.89 2.903 25.237 39.123 -6.522 1.593 13.147 11.963 23.7 28.119 -999.000 -999.000 -999.000
26.004 9.933 12.818 5.374 -30.002 -25.081 32.856 69.711 89.035 105.434 136.807 155.659 167.146 168.317 148.483 129.017 138.709 146.574 134.422 55.826 55.053 110.501 90.43 108.444 160.86 165.231 142.48 88.927 60.753 30.499 -25.25 11.566 35.994 37.912 51.455 41.492 7.372 17.384 55.218 84.089 92.881 93.935 70.779 85.753 85.122 72.25 45.599 -25.226 -32.915 28.402 18.531 -32.34 -38.276 1.61 1.649 1.657 20.619 26.433 -14.335 1.504 -0.307 1.658 3.297 18.274 38.078 -999.000 -999.000
11.302 3.691 1.584 -4.27 -38.689 6.322 11.164 29.067 52.825 93.664 107.525 137.573 164.39 153.942 127.833 122.595 128.142 146.195 151.858 98.794 33.262 45.435 64.664 130.71 160.349 160.099 142.063 93.607 30.102 -4.021 -24.461 35.731 76.841 103.18 76.763 85.467 67.191 31.859 34.902 69.512 89.597 85.493 57.924 58.112 69.938 62.608 50.746 4.11 -30.32 21.292 -34.335 -33.393 1.58 17.054 38.843 27.005 18.457 -12.33 -25.995 -25.844 -26.747 -27.943 -11.248 13.053 21.179 -999.000 -999.000
7.021 1.27 -4.164 -31.437 -34.739 -14.129 4.378 36.595 60.253 78.581 98.397 110.633 135.577 104.665 111.467 106.609 105.681 140.672 117.08 104.817 20.38 32.392 71.186 115.126 149.726 158.063 133.644 79.572 34.548 -20.257 -21.505 39.275 72.159 101.444 126.406 118.418 115.143 93.598 58.233 50.079 75.032 90.715 49.424 29.639 50.351 55.546 46.616 16.2 -27.48 -28.966 -32.021 1.514 7.179 30.46 42.854 27.326 -16.338 -26.927 1.699 13.766 6.472 1.626 1.603 2.023 13.147 -999.000 -999.000
1.353 2.903 -22.475 -27.452 -16.019 11.512 31.817 57.644 91.254 109.671 85.11 92.349 118.223 94.18 76.163 82.587 94.735 117.707 72.077 69.649 13.223 71.309 94.324 134.084 156.032 161.117 131.145 71.656 18.234 -20.428 29.085 69.31 95.317 99.08 126.675 148.185 144.581 138.744 114.072 101.008 82.633 85.755 58.881 21.435 31.22 42.037 29.846 17.455 -20.54 -16.332 15.114 29.49 9.466 30.748 45.355 -5.391 -19.785 18.114 18.259 15.441 22.065 34.305 28.731 27.95 38.202 -999.000 -999.000
1.511 -13.525 -20.954 -17.959 -8.376 28.927 46.983 60.155 68.637 60.457 77.799 119.35 103.396 78.473 38.527 48.386 92.989 102.072 47.645 6.343 14.001 86.495 136.159 161.756 166.211 164.542 136.205 82.037 17.346 -19.676 32.117 69.604 63.88 107.031 110.584 134.762 151.64 152.675 144.563 135.286 116.087 89.646 75.609 23.333 10.71 34.272 14.659 -19.627 -14.372 32.725 46.715 56.482 60.303 43.855 20.277 -12.935 10.669 1.675 1.661 4.411 32.696 38.835 24.866 23.733 28.076 29.814 -999.000
-12.036 -15.357 7.23 18.081 4.372 14.627 31.829 46.239 24.962 47.423 102.024 127.506 119.402 91.44 23.796 9.938 49.573 82.436 -3.661 -2.995 73.403 116.723 143.874 156.836 162.732 155.98 137.691 89.335 24.114 -19.063 0.53 14.602 50.731 68.193 93.302 119.507 149.045 142.549 151.95 136.791 125.238 83.475 50.888 42.435 5.41 31.166 4.093 -20.504 22.982 31.442 48.237 62.754 64.533 13.72 -3.363 -5.797 -7.556 -10.407 1.684 9.432 20.452 27.993 6.066 14.538 10.666 30.761 -999.000
-11.301 1.599 0.835 6.246 14.968 22.885 41.239 19.577 23.085 77.813 105.695 123.291 136.541 108.928 61.248 -2.231 26.306 53.759 -5.949 29.005 79.45 96.416 100.824 130.198 125.759 128.485 93.213 80.576 -10.075 -16.253 43.791 24.287 34.917 58.606 84.088 135.365 145.088 141.125 128.703 132.781 133.436 89.424 63.946 31.718 1.671 -3.087 -15.241 -19.162 32.127 57.023 65.171 68.684 44.893 9.635 28.887 53.561 44.308 5.297 4.899 12.713 31.277 24.99 1.606 1.577 7.453 38.353 -999.000
-5.189 9.739 21.982 27.929 25.575 28.919 22.016 11.549 39.194 55.79 88.348 117.839 121.396 104.677 61.926 -5.586 -15.706 -10.344 -13.049 50.197 74.652 71.17 69.343 86.499 91.075 93.167 46.626 33.834 -10.46 21.578 78.071 109.262 97.995 86.667 105.03 135.232 131.024 119.168 131.4 149.584 136.852 90.915 57.51 45.805 30.628 -4.434 -12.052 2.972 18.757 45.952 68.6 60.329 15.492 10.544 61.233 77.626 85.546 76.772 54.125 40.712 35.82 16.513 -1.917 1.666 29.017 37.115 46.78
-5.673 -2.198 5.848 22.781 34.091 19.668 11.061 3.702 24.59 43.698 86.571 100.95 87.377 77.091 33.533 3.274 -27.338 -20.342 -16.48 17.217 31.541 0.841 -4.66 48.745 59.45 5.349 -1.993 -4.751 -8.395 47.509 98.742 130.328 146.835 137.794 138.89 141.674 110.543 118.709 125.609 134.164 143.176 109.194 76.065 40.483 14.241 -5.177 -5.444 25.785 57.692 55.368 79.541 24.115 15.771 32.707 52.272 78.59 91.116 106.006 102.415 89.192 56.187 23.825 4.452 13.326 19.195 32.61 -999.000
3.686 10.46 17.54 22.814 24.055 11.495 3.016 -1.47 10.545 42.498 59.576 62.113 58.532 40.846 -31.008 -30.386 -24.957 30.156 -8.182 -11.801 -8.409 -5.419 -4.09 0.452 1.625 2.691 43.773 71.676 81.492 81.37 121.204 152.974 160.08 156.605 147.049 111.762 108.161 145.418 152.983 153.232 132.271 89.708 55.276 44.844 -2.112 -3.828 22.348 40.051 76.866 93.643 64.682 28.733 70.747 85.503 101.057 110.823 113.081 108.886 114.999 111.775 90.002 52.197 12.153 24.203 35.618 58.73 -999.000
13.244 19.778 26.614 10.802 9.489 5.563 -0.447 15.854 7.955 34.891 32.36 21.149 35.936 8.098 -32.553 1.717 22.155 47.507 43.156 39.546 59.77 71.461 90.882 88.412 75.778 74.619 101.802 112.815 115.089 135.651 146.114 153.647 153.744 135.474 111.499 109.852 140.697 162.266 157.416 138.632 142.24 103.744 47.562 3.505 0.519 37.071 59.857 58.128 73.131 93.158 44.069 43.057 78.506 100.185 123.269 103.231 95.91 105.719 110.261 109.865 111.357 75.452 23.59 41.502 62.35 74.263 -999.000
15.808 17.106 23.79 6.325 2.115 -1.198 -0.547 5.189 6.742 28.792 8.935 -0.553 12.621 -32.389 -34.867 13.99 33.405 60.266 81.906 77.016 92.348 105.87 123.985 125.67 132.56 130.384 138.807 151.812 156.365 158.827 158.566 158.283 116.277 111.826 113.378 157.943 162.941 159.764 156.266 129.864 138.221 96.019 46.443 8.026 45.234 75.071 94.237 104.66 112.279 91.703 52.05 92.616 108.525 123.911 132.694 98.479 99.873 123.619 100.229 103.543 109.723 95.416 32.614 37.508 62.614 95.214 -999.000
20.635 17.474 20.295 13.813 -1.847 -0.795 1.396 1.605 -0.592 9.864 -4.54 -15.274 -34.806 -35.159 -23.095 -2.389 26.211 61.541 98.792 111.596 109.284 121.825 128.708 134.902 146.289 160.153 165.387 166.719 166.723 166.946 165.42 120.857 120.592 163.659 168.736 169.144 147.07 144.523 147.235 124.027 137.8 98.166 49.694 10.664 57.641 77.416 104.974 124.594 128.568 96.941 59.303 112.234 134.7 142.829 131.844 102.753 119.012 107.734 98.529 112.833 123.764 103.469 48.914 36.495 84.072 91.573 113.627
29.09 21.966 26.649 18.036 -3.696 -4.804 1.604 -0.678 5.014 1.602 -25.958 -32.666 -34.387 -14.018 4.517 28.75 54.674 88.262 116.469 131.436 122.985 107.359 111.087 127.071 146.515 158.86 169.028 167.921 168.687 161.704 160.817 118.892 144.532 167.573 168.113 169.612 153.398 124.13 117.135 132.45 137.486 92.786 42.084 15.692 49.861 81.257 114.134 134.583 114.872 63.837 70.828 116.224 134.719 140.974 116.567 94.122 96.25 102.964 110.674 120.422 133.199 94.998 55.958 50.701 72.501 79.982 104.884
53.843 41.179 32.913 14.271 -5.871 -8.724 -1.825 -3.916 8.461 -7.355 -24.113 -25.049 -19.452 -6.906 4.813 28.677 66.356 96.272 114.538 112.552 114.304 89.834 94.364 111.804 134.928 162.437 163.236 166.745 166.713 149.796 147.657 112.985 158.592 162.875 168.835 168.808 157.263 108.076 116.399 156.602 136 92.514 48.898 20.555 53.126 97.513 130.101 139.91 90.42 58.034 110.53 139.765 147.867 139.688 100.521 111.073 130.251 129.405 146.846 150.097 128 99.58 65.832 72.844 78.121 86.211 97.11
65.904 54.797 32.811 21.596 4.794 -6.412 -5.562 1.618 -5.467 -16.037 -22.959 -9.166 -1.777 7.341 19.739 34.824 67.733 96.762 93.762 81.286 91.264 64.581 76.065 100.667 135.316 139.896 145.547 167.569 164.243 137.016 104.884 110.431 151.2 162.391 162.891 165.713 134.968 102.038 135.52 147.24 125.486 91.763 28.754 25.313 88.074 106.264 141.884 142.422 97.202 51.621 104.962 132.306 140.703 93.804 96.566 143.018 152.322 158.013 157.44 146.957 120.851 82.187 76.556 112.829 105.809 105.159 -999.000
88.3 72.414 39.069 12.469 4.805 -10.43 -8.313 -9.216 -17.419 -18.948 -0.812 16.094 23.855 27.432 27.601 45.82 63.403 66.393 62.899 55.243 63.027 46.787 53.441 83.552 103.596 124.677 147.075 160.704 156.76 126.135 94.708 109.06 134.803 143.924 152.562 157.94 134.294 99.905 143.627 130.155 99.871 75.254 34.071 44.056 96.876 139.543 155.074 149.2 85.727 43.446 110.025 135.204 128.445 91.036 99.2 129.847 145.88 156.386 163.904 149.232 114.415 90.51 113.432 144.136 152.444 145.3 -999.000
88.409 54.094 34.451 15.011 -3.815 -16.413 -15.784 -15.916 -15.969 -16.976 0.474 6.069 14.303 14.3 22.83 28.096 28.584 29.604 40.574 38.017 43.645 26.491 36.824 53.178 83.743 113.347 138.285 153.993 144.247 102.29 82.452 102.74 124.969 126.444 141.986 145.301 99.376 96.252 134.171 107.878 72.885 40.884 37.073 68.673 87.915 139.315 150.619 145.279 102.323 30.265 81.136 100.556 69.024 79.346 121.204 147.657 158.42 165.981 165.129 142.104 116.921 96.108 131.828 142.475 151.849 160.601 -999.000
58.69 32.098 11.394 -0.271 -16.572 -14.758 -3.561 -4.61 1.657 -6.426 -7.369 -7.004 0.674 10.055 30.409 10.806 14.01 32.257 52.025 27.426 13.467 11.829 22.968 60.689 77.957 108.407 132.896 139.2 120.772 87.557 69.087 105.363 108.309 113.517 122.385 107.953 94.198 118.388 109.135 57.689 52.36 46.486 85.528 111.933 113.358 142.669 147.308 138.573 104.647 28.684 41.067 58.504 64.832 120.239 138.565 164.513 169.169 169.169 165.108 155.231 109.693 102.915 112.877 121.073 140.98 161.092 167.91
53.296 13.519 -8.046 -16.647 -16.884 12.306 23.685 21.331 7.876 20.185 15.205 3.119 1.52 9.95 10.378 -3.253 11.298 29.145 39.723 29.39 0.957 6.375 18.083 34.758 61.725 90.124 103.022 114.292 92.707 56.82 61.773 82.147 92.32 93.953 88.324 96.019 122.197 125.453 68.731 63.583 118.611 136.622 145.471 153.03 160.781 157.85 141.898 133.49 88.824 29.117 82.188 127.788 153.484 160.07 169.622 169.737 169.75 169.815 169.735 150.908 118 151.441 150.94 141.987 146.001 163.514 169.353
12.834 -3.446 -19.889 -18.753 0.104 32.023 52.317 56.308 36.55 42.503 44.862 22.777 18.373 9.843 -9.601 -9.829 7.398 30.761 20.978 18.658 -0.628 23.254 36.596 47.659 45.91 67.772 77.598 88.216 53.315 47.483 113.684 122.882 133.716 141.122 139.109 139.032 147.11 109.471 71.872 97.657 131.818 152.21 147.024 151.308 167.885 151.246 135.656 118.996 82.223 27.75 80.612 132.284 161.859 169.668 169.465 169.682 169.838 169.749 169.812 160.718 126.182 157.527 157.264 158.066 166.727 169.161 -999.000
-22.254 -22.358 -22.093 18.913 23.645 34.54 58.778 80.967 69.74 77.329 78.962 56.084 38.701 13.869 -12.72 -0.604 9.645 14.229 8.478 4.582 3.068 39.47 52.218 46.167 28.173 41.527 55.676 67.107 37.524 76.432 115.105 119.489 119.62 134.624 144.417 142.492 133.708 81.963 75.305 127.659 150.401 149.201 138.164 153.167 163.198 124.761 128.125 124.559 72.734 26.747 61.957 108.872 158.257 169.614 169.775 169.792 169.801 169.788 166.787 129.118 129.401 161.151 163.126 169.335 168.935 169.488 -999.000
-24.695 -5.365 19.403 52.609 69.644 69.401 72.761 90.894 98.081 98.465 87.39 55.718 40.144 15.188 -12.627 -6.198 -0.438 -1.659 -5.077 -0.95 25.639 29.058 42.888 48.623 17.39 20.981 33.725 44.42 25.595 67.025 77.322 99.301 116.924 141.271 135.338 126.561 137.717 82.747 105.582 140.94 144.201 134.114 126.021 141.75 146.69 107.101 130.573 125.075 83.993 26.546 83.593 113.008 153.495 169.077 169.647 169.667 169.923 169.811 123.796 130.22 166.719 169.781 169.839 169.83 -999.000 -999.000 -999.000
10.085 45.684 53.483 72.882 90.107 100.932 99.1 91.428 72.42 68.502 72.692 38.288 8.163 -11.688 -10.499 -10.135 -5.141 -2.969 18.595 15.115 21.862 38.518 53.066 50.712 14.039 11.895 20.307 4.01 15.013 49.571 73.693 120.744 135.502 128.733 114.201 132.582 136.677 82.064 105.849 133.459 121.246 121.34 101.97 123.745 95.594 93.079 125.033 104.466 48.809 23.363 60.543 96.991 165.917 169.845 169.76 169.705 169.932 169.597 114.088 152.151 169.338 169.028 169.723 169.636 -999.000 -999.000 -999.000
