GIS/plot_heads/output/carmel_heads.txt
ncols         406
nrows         328
xllcorner     595500
yllcorner     4015200
cellsize      100
NODATA_value  -999.000
[rows 174 to 202 of 328, columns 195 to 259 of 406]
365.253 357.147 345.917 332.374 316.762 298.707 278.355 262.675 250.914 239.378 229.959 225.067 219.233 218.736 223.122 229.912 235.764 241.040 249.106 250.335 246.350 248.642 252.603 263.760 264.950 262.728 261.016 259.375 257.725 277.406 268.696 278.953 273.500 273.889 275.810 276.401 276.031 274.960 273.939 271.225 268.471 270.631 276.171 280.978 284.729 289.379 293.904 298.442 305.479 316.106 324.218 335.091 341.972 347.560 354.361 363.041 372.681 384.944 397.795 411.046 423.905 434.554 442.711 452.317 460.362
382.580 374.593 362.011 347.568 330.215 311.682 293.755 279.598 264.036 250.905 237.638 230.291 222.547 221.500 224.574 228.307 232.731 236.572 237.562 238.408 239.433 241.114 245.870 251.025 250.969 251.257 253.481 252.697 251.920 251.865 252.513 259.762 261.978 261.388 261.736 262.975 263.595 263.854 263.012 261.533 259.825 262.607 266.123 269.482 272.421 275.765 279.231 284.760 293.250 302.112 310.017 318.868 331.803 338.886 345.608 350.948 359.864 372.138 383.830 394.797 404.791 413.650 422.928 431.762 440.236
398.831 392.927 379.690 366.528 349.249 331.676 313.621 296.824 278.372 261.123 249.066 237.983 227.858 223.108 224.672 227.265 229.947 231.853 232.564 233.457 233.991 236.377 241.730 248.340 248.288 246.488 247.245 247.366 246.484 245.616 246.002 248.617 252.076 252.777 253.018 253.344 253.841 253.112 250.897 248.552 250.653 252.291 254.828 256.867 258.987 261.425 264.335 269.378 279.331 288.400 297.098 306.047 316.044 326.602 336.135 341.751 350.122 359.287 369.139 378.588 388.897 398.239 404.976 412.513 419.163
413.968 404.318 394.122 382.780 368.281 354.142 336.272 312.447 291.343 275.602 261.895 248.427 233.307 225.288 223.617 226.043 227.699 228.466 228.693 227.938 228.022 231.165 233.775 236.512 239.696 241.080 241.880 242.336 241.963 241.165 241.156 242.238 244.298 246.158 247.046 247.409 246.917 246.323 245.240 245.055 247.356 248.964 250.708 252.353 254.011 255.791 258.057 261.252 265.930 276.332 285.073 293.024 302.136 312.410 323.281 332.543 340.370 348.215 355.940 366.122 375.723 384.485 390.502 396.104 400.775
426.738 413.217 401.275 389.594 376.806 362.144 343.823 322.454 301.744 288.332 273.735 259.953 240.891 231.005 225.311 225.426 226.324 226.385 225.720 223.832 224.470 225.634 229.274 232.009 235.093 236.622 237.448 237.732 238.260 238.016 236.965 237.654 239.024 240.670 242.706 243.218 243.782 244.041 244.241 244.257 245.280 246.821 248.563 249.923 251.225 252.748 254.756 257.368 260.887 265.699 272.984 279.670 287.135 298.126 308.617 322.012 329.951 338.000 345.595 355.692 364.274 371.520 377.378 381.723 385.525
438.139 421.911 408.852 394.722 381.559 366.493 349.207 330.265 314.316 302.875 290.013 271.023 249.267 236.565 228.831 226.625 225.691 225.079 224.339 223.808 225.386 225.249 227.528 228.769 231.285 233.220 234.619 235.462 235.895 236.079 236.439 238.328 239.492 239.713 241.016 242.753 244.401 245.396 246.215 245.817 245.328 246.241 247.865 248.936 249.888 250.976 252.680 255.376 259.106 263.064 268.485 273.785 278.723 284.914 297.331 308.480 318.254 329.321 338.167 346.111 353.519 359.755 364.400 368.341 372.517
450.568 433.247 416.618 404.208 392.091 375.710 358.431 339.708 326.617 317.213 303.208 282.766 257.259 244.783 237.753 233.342 231.361 230.326 229.516 228.713 228.402 226.747 227.490 229.247 232.583 235.092 237.641 238.834 238.923 238.826 239.030 240.084 241.054 241.839 243.181 244.453 245.869 247.335 248.748 250.459 248.890 249.193 250.572 251.021 251.375 251.508 252.052 254.244 257.819 261.927 266.493 271.299 275.660 279.772 287.197 298.503 308.022 318.420 327.450 336.020 343.189 348.954 352.439 356.818 361.697
462.015 445.397 428.692 417.413 404.511 387.207 368.899 350.283 340.185 331.056 316.901 293.740 267.503 252.508 245.689 241.534 238.689 236.847 236.104 236.294 234.238 231.834 230.369 232.085 235.832 239.287 241.759 243.144 243.258 242.357 242.019 242.343 243.213 243.867 245.472 246.505 248.253 250.919 254.029 256.061 256.591 255.211 253.588 253.190 252.916 252.629 252.095 253.925 257.100 260.689 264.468 268.494 272.446 276.084 281.660 290.122 297.798 308.346 318.414 326.740 333.968 339.995 344.274 347.821 352.393
468.893 454.991 441.645 431.065 416.635 397.230 379.951 363.018 352.716 343.387 329.456 305.939 277.623 260.627 253.024 249.176 246.621 245.429 244.280 241.684 238.948 236.307 234.731 237.616 241.136 244.157 246.860 248.719 249.987 249.618 247.504 247.592 246.956 247.426 248.492 249.247 252.154 257.622 260.453 259.417 259.014 257.758 256.284 255.106 254.325 253.857 252.808 253.191 255.899 258.816 261.946 265.235 268.500 271.746 278.491 286.220 290.730 297.089 308.502 317.487 324.817 331.086 336.116 339.756 343.843
474.720 464.940 453.925 442.374 423.277 406.534 390.018 375.943 366.661 354.915 341.524 315.549 285.401 268.665 260.571 257.797 255.002 251.261 248.454 245.048 241.396 239.658 239.550 243.284 246.642 249.690 252.374 255.014 258.026 263.034 264.444 278.978 286.374 296.653 276.647 286.357 277.025 274.982 264.346 261.587 260.469 259.439 258.575 257.793 256.239 254.900 252.939 252.737 254.449 256.786 259.408 262.248 265.071 267.859 272.797 282.763 287.738 291.810 298.929 308.897 316.273 322.819 328.314 332.354 336.236
481.199 473.667 464.995 452.253 433.746 418.061 402.540 390.077 378.931 370.547 357.264 324.881 295.447 277.831 273.131 271.388 263.217 256.232 251.367 248.596 246.306 246.431 246.900 249.416 252.702 256.353 258.650 261.122 264.437 270.793 291.056 305.188 326.540 342.423 332.918 333.216 337.935 287.889 271.541 270.060 262.297 260.907 259.761 258.764 257.684 256.444 254.517 252.949 253.254 254.528 256.849 259.509 262.005 265.088 268.270 275.792 284.219 288.492 293.625 301.986 308.400 315.769 321.208 325.781 329.119
487.519 478.728 471.303 457.239 440.175 428.165 414.950 402.587 390.424 382.025 373.306 346.550 324.316 305.002 299.038 275.410 268.751 262.509 257.469 256.356 254.898 254.805 255.674 256.840 259.156 262.740 265.942 268.665 271.116 275.766 287.319 311.249 357.884 365.975 373.586 377.309 365.409 322.722 317.310 314.000 263.742 261.775 260.956 259.866 258.856 257.628 256.511 254.527 253.450 253.649 254.886 257.117 259.568 262.673 266.141 270.628 278.847 285.177 289.967 297.175 303.756 310.339 315.772 320.211 323.399
493.531 483.593 475.262 460.917 448.031 437.214 426.313 411.875 402.186 392.798 379.622 363.196 339.700 306.706 289.192 279.318 272.976 267.303 264.617 264.574 264.734 264.398 264.718 265.466 267.127 270.343 276.347 279.793 279.421 282.216 290.278 299.769 352.120 404.857 416.217 417.087 386.959 369.202 365.526 310.984 271.221 274.847 262.988 261.535 260.647 259.715 257.719 256.202 254.528 253.921 254.253 255.467 257.616 260.203 263.794 268.455 274.424 281.381 286.682 293.039 299.366 305.288 310.476 314.900 318.241
501.108 489.621 474.968 465.737 456.670 444.496 435.209 416.479 402.495 374.540 347.152 337.201 318.372 300.265 291.783 284.555 278.222 273.772 273.883 274.347 274.824 274.143 273.724 274.169 275.757 277.840 283.615 288.597 291.345 298.776 303.902 308.157 352.767 411.662 436.782 438.759 423.806 397.183 373.843 349.717 339.393 301.639 267.204 263.933 262.607 261.364 259.546 258.261 256.522 254.949 254.450 254.888 256.166 258.165 261.356 266.196 271.829 277.577 282.976 288.780 294.962 300.764 305.473 309.710 313.120
518.622 491.389 478.474 471.801 461.375 454.668 442.345 413.101 381.599 357.496 343.320 329.764 314.904 303.388 294.591 288.182 282.383 280.381 282.079 283.580 284.805 285.615 284.468 283.486 295.232 293.397 296.976 300.597 319.609 345.843 354.780 330.680 348.323 411.789 452.582 455.490 431.354 411.647 397.516 393.873 355.828 298.424 271.071 267.694 265.475 263.177 261.287 259.945 258.596 256.602 255.181 255.101 255.891 257.206 259.565 263.804 269.378 274.018 278.509 283.560 289.442 295.418 300.559 304.580 307.943
543.408 525.417 490.669 482.976 470.790 477.213 438.225 394.593 371.709 355.934 342.983 329.344 314.557 304.846 298.530 291.773 288.037 287.959 289.371 291.083 293.263 296.494 300.248 308.813 321.279 325.453 310.156 314.101 328.991 368.634 394.250 404.331 382.814 407.520 466.028 469.737 449.326 439.510 433.062 405.549 344.305 314.365 283.305 275.086 269.313 266.009 263.005 261.473 260.002 257.827 256.126 255.744 256.365 257.275 259.129 262.376 267.194 271.102 273.634 277.991 283.030 287.913 294.323 299.625 303.099
569.397 561.550 529.285 515.250 496.602 475.701 451.824 409.053 373.110 355.845 341.608 328.142 313.734 305.797 300.745 296.133 294.842 296.957 298.439 300.148 301.894 304.108 306.805 313.334 361.768 353.730 326.286 326.626 335.588 358.902 405.460 439.207 440.429 440.365 460.789 481.926 473.562 457.977 437.224 414.137 382.587 337.660 295.014 283.057 276.180 270.146 265.371 262.862 261.338 259.330 257.308 256.624 257.482 257.942 259.719 262.484 267.623 271.751 274.548 277.221 279.650 283.778 289.352 294.856 298.890
576.701 567.530 551.059 527.916 482.604 442.320 414.836 411.339 386.385 359.599 342.970 329.590 316.576 308.705 304.095 300.849 302.003 303.920 307.093 309.888 311.793 314.224 317.337 322.928 356.229 384.247 347.445 350.567 351.433 358.362 376.283 427.536 478.214 492.741 496.239 493.500 481.498 453.404 391.527 359.587 325.441 310.283 295.979 287.070 280.317 274.551 268.152 264.448 262.732 260.875 259.468 259.277 259.552 261.245 264.620 268.455 273.324 277.456 279.384 279.552 281.437 284.432 287.417 291.723 296.195
558.657 531.086 517.267 484.973 437.125 414.793 395.377 386.384 375.964 357.139 345.323 333.438 320.120 311.219 307.021 306.110 308.360 310.303 313.883 318.823 322.250 325.110 328.419 336.599 356.283 396.825 406.128 393.020 369.235 380.657 407.771 437.904 498.949 508.709 509.899 502.797 486.439 453.479 398.933 343.760 326.606 312.874 300.603 291.180 280.919 274.828 270.945 267.278 264.612 262.429 262.395 262.307 263.603 268.765 272.728 276.585 280.693 283.087 284.022 283.548 285.220 287.064 289.323 292.200 295.664
526.263 495.475 436.519 414.271 406.267 395.210 389.005 380.268 372.008 357.632 346.337 336.190 323.895 313.911 312.558 313.740 315.118 318.074 321.066 325.769 331.173 336.377 342.302 349.607 382.824 416.991 443.239 427.898 390.310 405.037 460.230 476.125 510.895 521.773 520.031 508.287 463.083 417.785 384.041 360.560 349.261 322.715 308.467 290.314 279.902 275.652 272.229 268.953 266.486 265.421 265.957 266.828 270.132 275.620 281.542 285.307 288.405 289.792 290.557 290.774 290.044 291.486 293.629 296.260 299.129
477.425 448.018 428.999 410.465 402.863 393.650 385.433 377.517 370.262 359.649 348.776 337.776 328.676 321.543 321.178 322.009 322.920 324.939 329.072 333.151 338.757 345.160 349.698 359.507 400.030 440.112 468.182 472.227 454.580 443.506 469.431 511.139 526.221 529.865 525.484 512.307 492.809 468.565 425.188 402.491 378.203 353.282 321.831 287.161 281.987 278.137 275.017 270.562 268.708 269.251 270.216 271.320 276.274 282.078 288.449 293.675 297.301 298.851 299.332 298.321 298.247 299.267 300.803 303.796 305.710
454.696 439.986 428.109 410.961 401.979 393.457 384.597 375.722 368.483 361.934 353.724 344.807 337.693 333.517 332.324 331.047 330.663 332.070 336.301 342.673 347.486 352.984 359.591 371.797 408.006 450.235 469.898 493.675 498.676 508.707 496.300 530.809 536.158 535.458 527.493 513.272 494.409 471.709 447.312 423.133 399.402 374.784 316.446 289.150 284.493 280.599 277.585 275.241 274.243 273.171 273.422 275.734 283.018 289.047 295.147 300.339 304.176 306.207 307.125 306.846 307.208 307.305 308.558 310.173 311.980
448.785 436.118 426.015 412.052 402.281 393.618 383.839 373.948 368.263 364.021 359.958 356.306 351.893 346.380 343.046 341.467 338.992 339.470 345.641 353.751 358.209 363.043 370.365 379.738 389.260 421.827 479.877 504.361 521.814 523.520 534.025 540.592 540.479 534.276 523.531 508.746 489.673 467.047 441.846 416.082 380.344 337.785 303.276 294.945 288.751 283.821 279.686 278.250 278.414 276.967 277.033 281.744 289.570 295.734 301.644 306.075 310.162 312.565 314.128 313.929 314.463 315.372 316.602 317.679 319.033
440.075 432.115 424.343 413.425 403.068 393.869 383.730 375.789 370.567 366.958 365.308 365.319 363.397 359.546 354.573 353.482 352.462 363.795 360.964 364.124 368.098 373.044 378.257 384.145 390.932 409.597 462.349 505.309 529.229 537.583 544.662 544.846 538.500 525.742 512.022 496.770 476.679 455.028 428.107 368.907 317.433 309.185 304.422 298.366 292.675 287.505 282.657 281.479 281.825 282.378 283.878 288.023 297.134 304.327 309.006 312.908 316.515 318.494 320.720 321.444 322.459 323.797 324.862 326.023 327.047
434.040 427.235 420.143 412.797 403.905 395.592 386.373 379.526 375.799 373.857 370.450 370.501 371.327 370.321 367.926 367.143 377.481 401.141 386.684 376.779 380.033 382.361 385.019 389.316 395.512 412.652 471.675 504.791 530.400 545.157 548.636 544.698 532.474 492.779 455.348 468.366 449.739 411.139 406.985 382.099 336.069 313.153 305.968 299.985 295.221 291.527 287.452 285.317 285.279 287.009 290.433 293.992 304.582 313.440 317.345 320.087 323.425 325.872 326.490 329.538 331.344 333.168 334.211 335.575 336.725
429.062 422.910 416.481 411.057 403.873 396.974 389.359 385.004 382.492 381.817 380.692 377.356 377.902 378.433 381.249 381.650 385.735 415.659 421.400 416.136 391.314 391.583 394.312 400.844 403.832 425.016 478.920 523.881 539.380 548.053 549.207 541.694 524.999 458.157 408.482 387.236 384.746 363.930 363.415 352.182 327.234 316.816 309.656 302.473 297.430 293.988 290.990 289.590 290.678 292.862 296.261 300.421 318.396 322.845 324.486 327.201 331.021 334.905 337.267 338.158 338.985 342.042 344.153 345.999 346.273
429.987 422.439 415.738 410.468 403.926 398.940 394.799 394.410 393.690 393.240 392.382 389.768 385.389 385.261 388.152 391.817 400.728 422.053 451.278 452.223 426.143 398.568 402.589 411.661 414.425 426.279 444.206 504.644 540.416 547.634 546.722 537.349 519.560 457.603 413.958 379.559 368.573 360.180 350.956 343.231 332.335 320.815 312.215 305.251 299.859 295.400 294.060 294.097 295.804 297.961 301.005 304.761 330.132 329.300 330.461 333.730 337.952 342.579 345.016 346.350 347.962 350.525 352.665 353.849 352.333
437.445 428.565 420.086 414.403 409.614 406.681 402.821 403.080 403.277 402.015 402.411 401.311 397.403 393.633 395.137 398.824 404.907 416.464 461.814 469.485 461.040 423.537 414.135 421.105 442.862 464.653 462.978 493.824 531.619 544.794 541.006 531.241 514.314 482.238 437.386 383.885 365.658 357.745 349.961 342.408 334.171 326.457 317.378 308.587 301.929 298.489 298.302 299.026 299.850 302.505 304.173 306.666 312.473 337.479 337.827 340.279 345.206 348.664 350.352 352.521 355.192 358.185 360.118 359.909 358.252
447.591 438.781 429.622 425.663 421.313 418.516 414.621 412.662 413.133 412.681 412.795 411.297 409.259 406.288 402.342 405.959 411.962 421.750 462.875 485.613 487.916 462.892 425.404 431.440 479.026 506.779 519.833 527.294 532.219 530.567 523.107 522.192 508.273 489.411 452.715 419.072 384.964 356.819 349.248 341.884 333.379 327.525 321.320 313.236 306.521 304.155 303.872 304.060 305.164 307.207 307.804 310.512 316.071 342.704 364.543 355.596 353.303 354.775 355.740 358.618 361.684 364.189 365.745 364.784 363.906
