GIS/plot_heads/output/carmel_heads.txt
ncols         406
nrows         328
xllcorner     595500
yllcorner     4015200
cellsize      100
NODATA_value  -999.000
[rows 174 to 202 of 328, columns 325 to 389 of 406]
560.144 568.156 575.947 584.459 592.502 599.617 606.829 612.251 618.475 623.940 629.030 634.418 643.175 660.345 679.886 690.044 697.227 705.659 712.416 720.248 727.719 732.956 738.486 743.306 746.051 748.561 754.623 760.367 768.263 777.051 787.714 797.495 818.514 850.159 881.205 894.951 898.112 888.912 889.034 889.858 890.235 889.590 889.937 894.526 901.042 904.255 906.620 914.665 925.073 936.656 950.627 966.967 986.764 1008.857 1034.897 1057.010 1070.275 1080.084 1092.297 1106.571 1121.399 1135.182 1146.296 1157.995 1170.048
556.628 564.677 573.246 582.114 590.291 597.305 603.679 609.223 614.649 620.103 625.482 630.608 641.377 660.815 670.508 677.983 687.064 695.066 704.112 714.198 722.880 727.663 731.803 736.524 739.862 742.442 747.422 753.962 760.652 767.951 778.203 792.658 828.929 850.198 878.436 889.281 875.585 885.418 884.720 884.360 884.230 882.741 881.297 884.913 890.697 894.453 897.199 905.580 917.053 931.183 948.517 967.199 990.087 1016.090 1044.355 1063.225 1073.835 1082.462 1096.053 1111.532 1128.450 1142.657 1156.055 1169.332 1182.008
553.233 562.008 571.121 581.209 589.411 595.543 601.371 606.243 611.219 617.150 622.861 628.705 637.353 650.200 659.688 668.314 676.760 686.200 697.289 707.467 716.344 720.786 723.350 726.639 731.455 735.444 741.750 749.052 755.830 762.764 775.811 801.666 810.559 826.222 845.112 858.422 858.419 880.013 879.485 877.694 876.555 876.140 873.946 875.714 880.145 883.582 887.185 894.887 910.083 927.133 945.391 964.940 990.141 1019.042 1049.486 1065.962 1075.281 1082.876 1098.779 1115.605 1132.837 1145.992 1160.484 1174.483 1188.287
548.313 556.964 566.721 577.360 587.031 592.766 597.392 602.507 608.434 613.826 619.656 626.249 634.490 640.145 647.769 657.159 667.439 679.203 688.981 697.993 703.111 707.240 713.371 717.828 722.945 728.799 735.608 742.223 749.388 757.280 770.463 796.685 798.927 808.861 839.328 840.825 846.137 869.719 873.758 872.263 870.227 868.575 865.292 866.092 868.709 871.105 877.603 888.187 903.248 922.028 943.317 962.413 991.103 1022.692 1052.758 1066.875 1075.092 1081.596 1098.746 1116.093 1132.542 1144.127 1158.724 1173.958 1189.364
542.673 551.920 562.155 571.967 581.688 588.722 593.742 599.947 605.033 610.191 616.071 622.485 628.810 633.295 639.012 646.668 660.723 671.021 680.617 685.214 691.077 697.004 703.096 709.897 716.900 723.867 731.039 738.239 745.498 755.230 769.841 787.101 792.581 809.009 821.693 829.275 839.323 855.512 863.850 862.904 860.874 859.390 856.268 855.455 857.983 861.551 868.674 883.077 900.330 918.673 939.788 963.464 991.930 1026.255 1050.692 1064.840 1072.004 1077.745 1095.104 1111.048 1125.096 1132.876 1152.246 1163.911 1182.999
538.270 547.543 556.418 564.698 573.216 584.163 591.840 597.751 602.320 607.355 612.539 617.354 622.953 628.145 634.346 641.097 651.497 662.079 668.148 673.844 680.405 687.444 695.509 704.053 713.337 720.410 726.710 734.283 742.806 754.050 770.277 777.449 788.284 799.885 812.243 822.944 836.317 849.242 849.354 849.904 849.597 848.152 847.704 846.032 848.094 853.626 862.350 875.638 894.574 917.863 940.443 964.391 994.210 1027.827 1048.414 1060.097 1065.573 1070.457 1086.053 1101.178 1113.329 1125.197 1145.675 1163.756 1181.698
533.906 542.074 549.787 556.609 565.553 576.415 586.989 595.936 600.646 604.596 609.173 612.810 617.882 623.276 629.737 636.536 645.431 650.310 656.738 663.994 671.363 679.865 688.946 700.608 711.927 718.256 724.187 731.580 740.745 753.137 760.226 771.656 784.296 794.873 809.004 822.703 836.971 847.937 840.147 838.167 837.742 837.143 836.688 836.161 839.740 847.981 860.369 876.074 893.562 914.848 942.841 969.577 996.923 1028.589 1047.198 1055.126 1051.986 1059.979 1066.072 1086.202 1100.491 1107.696 1144.342 1166.601 1185.346
529.970 536.575 542.898 550.438 560.019 569.546 579.466 588.661 596.882 600.900 604.900 609.136 614.533 620.109 625.417 632.209 637.486 642.251 646.933 653.018 661.863 673.205 683.179 694.763 710.562 717.340 722.544 728.659 734.861 744.723 751.791 766.142 782.578 793.015 808.163 831.759 840.947 827.555 827.080 827.554 827.914 826.921 825.397 827.249 832.283 840.804 856.753 873.832 894.052 915.297 942.123 975.489 1003.927 1031.000 1047.850 1055.466 1056.339 1057.077 1066.145 1082.735 1099.330 1121.535 1146.297 1164.413 1178.602
525.205 531.324 537.984 545.620 554.520 563.244 571.197 580.320 589.867 595.348 600.238 605.624 611.010 616.256 621.625 626.315 630.197 635.011 639.601 644.817 654.559 665.858 678.251 690.944 708.481 717.040 721.712 725.223 728.197 733.068 741.642 760.064 781.404 804.877 808.471 800.580 820.518 814.922 814.841 815.454 816.188 817.070 816.745 820.356 827.025 839.748 855.137 872.530 891.982 914.002 943.041 979.386 1005.751 1029.945 1046.224 1052.760 1052.308 1052.927 1066.462 1088.050 1107.984 1125.099 1139.574 1149.361 1159.613
520.560 526.804 533.892 540.752 548.400 555.849 562.662 570.466 578.841 589.063 597.687 604.446 608.553 612.451 617.054 621.599 624.567 628.919 634.102 639.548 646.441 657.800 672.442 688.709 708.864 722.568 719.125 720.505 720.558 723.059 734.831 752.160 750.371 785.604 765.290 778.938 799.534 803.483 805.295 806.339 805.915 805.879 809.091 815.526 824.190 839.324 856.501 872.641 892.259 912.218 940.675 975.110 1001.532 1025.439 1040.269 1047.286 1047.113 1043.705 1048.675 1081.419 1104.764 1116.976 1119.899 1117.777 1134.547
514.970 522.432 529.519 535.258 541.415 547.720 553.785 559.912 568.309 578.744 589.722 601.174 606.569 609.355 612.491 616.565 620.282 624.953 630.501 634.858 638.954 644.695 659.041 688.519 693.759 690.152 702.610 706.870 709.773 712.405 717.044 715.668 730.048 743.438 747.881 772.905 785.146 790.267 792.996 795.059 796.733 798.013 803.189 813.763 824.097 837.511 852.906 871.310 892.182 913.453 940.028 972.934 996.280 1019.392 1034.362 1039.253 1032.870 1032.994 1033.307 1070.411 1092.823 1101.264 1095.898 1104.086 1116.922
512.099 518.369 524.705 529.305 534.205 539.739 544.888 551.822 560.451 571.958 583.079 592.553 602.592 606.552 608.661 611.106 615.796 620.847 625.660 630.581 634.834 640.044 651.430 678.464 675.493 675.414 686.086 698.736 701.398 702.345 700.911 703.072 716.420 720.339 734.645 770.552 776.011 778.742 782.022 784.753 786.351 791.172 798.749 811.249 826.133 839.255 854.142 872.500 893.785 916.317 942.413 969.411 989.490 1011.968 1027.443 1034.063 1033.485 1029.080 1035.266 1061.064 1077.548 1083.283 1083.493 1091.718 1099.240
508.466 513.431 519.034 523.363 526.729 531.936 538.186 545.547 555.357 565.389 574.536 583.137 592.202 601.626 604.632 607.721 612.764 617.639 621.935 625.566 629.563 633.761 644.204 653.343 654.107 659.623 668.401 683.666 693.598 693.704 692.947 695.919 699.820 709.026 732.410 763.969 769.120 771.013 773.157 775.571 778.990 786.464 796.856 810.238 826.425 843.938 858.378 875.996 897.702 917.941 941.549 965.375 982.731 1000.847 1016.158 1025.370 1027.481 1022.776 1026.605 1046.228 1057.629 1062.370 1072.116 1088.290 1112.871
504.275 508.777 513.583 517.758 521.555 527.027 533.036 541.345 549.973 558.184 565.838 573.359 580.796 589.440 600.379 606.138 610.356 614.663 618.495 621.446 623.415 625.767 634.000 636.748 640.717 647.765 655.018 668.785 682.622 685.216 685.098 687.145 692.086 702.410 726.701 752.261 760.977 763.773 765.108 766.591 771.701 780.609 792.409 808.900 825.007 844.773 863.389 880.521 900.188 918.548 940.513 961.717 976.766 990.388 1003.412 1012.592 1017.004 1016.500 1015.480 1028.258 1035.815 1046.643 1063.170 1097.606 1128.417
500.448 504.313 508.422 511.618 517.446 523.314 528.822 536.736 543.884 550.925 557.399 563.600 570.774 579.467 589.109 599.709 606.612 612.365 617.287 619.129 620.673 622.647 626.563 629.195 633.033 637.661 643.889 656.458 663.240 672.323 675.480 679.618 685.824 695.374 716.204 744.857 752.946 756.018 758.142 759.537 764.985 774.875 786.491 801.246 822.404 844.052 867.057 886.682 903.337 919.841 938.918 958.715 971.466 982.001 991.419 999.314 1003.654 1004.330 1001.940 1008.176 1023.381 1034.596 1070.971 1103.810 1133.186
496.627 499.484 504.183 508.066 513.033 519.664 525.966 532.266 537.933 543.460 548.897 556.447 563.315 571.332 580.089 591.018 599.823 606.996 613.946 616.709 618.000 620.381 623.827 626.410 628.627 631.593 636.825 646.153 651.943 659.461 665.177 672.351 679.856 691.886 714.088 740.953 746.575 749.134 751.216 753.518 760.715 770.700 782.583 795.490 812.985 840.665 867.069 891.786 908.638 924.922 939.897 954.875 965.819 973.595 980.490 986.003 989.244 989.605 988.180 991.272 1023.976 1050.680 1077.704 1105.442 1131.125
493.225 496.432 500.766 504.523 508.877 514.898 520.700 525.742 531.361 535.829 542.069 549.525 557.184 565.149 573.726 584.683 594.087 602.345 609.733 612.313 614.701 618.540 621.384 623.647 625.233 627.224 631.091 638.628 643.735 648.797 655.859 663.655 673.731 689.334 714.279 735.098 739.135 742.013 744.564 747.936 755.983 766.796 777.420 792.259 806.706 828.048 861.410 889.905 910.847 927.704 940.773 950.644 959.041 964.287 968.190 973.468 976.321 975.897 975.592 1000.045 1027.445 1054.558 1080.947 1103.385 1122.763
490.112 492.828 497.301 500.367 503.628 509.853 514.587 518.618 524.681 530.312 537.246 544.667 553.300 562.339 570.808 579.883 589.151 598.491 605.778 608.987 611.776 615.524 618.998 621.180 622.404 623.742 625.877 631.034 635.351 640.965 649.367 657.007 665.566 677.974 700.308 715.870 726.479 732.485 736.936 742.323 751.750 762.968 775.929 790.017 803.868 823.473 857.015 880.061 907.180 923.789 937.612 944.705 950.052 955.025 957.600 962.134 965.977 969.984 982.848 1002.958 1027.133 1052.666 1076.767 1093.560 1112.573
487.993 491.250 494.404 496.248 499.090 505.390 508.774 513.467 520.241 527.323 533.691 541.231 549.105 558.594 567.392 575.955 585.071 593.193 600.795 605.887 608.025 611.189 615.649 618.012 619.492 620.391 622.604 625.881 629.449 635.735 643.070 649.694 656.206 668.372 681.311 698.025 708.817 720.264 726.395 734.883 749.079 762.363 775.913 789.634 802.882 826.655 854.822 877.035 894.697 915.329 931.664 937.866 942.314 945.472 947.759 950.337 955.321 963.962 980.563 1001.217 1024.309 1047.356 1066.167 1082.065 1103.753
486.543 489.418 492.373 495.059 498.317 502.686 506.901 511.728 518.293 525.077 530.919 539.011 547.338 555.911 564.015 571.961 579.734 587.351 594.546 600.800 603.652 606.881 610.274 613.403 615.514 617.086 619.316 622.344 625.749 631.113 638.248 644.740 651.967 662.651 675.315 688.963 699.294 709.836 718.510 729.182 743.609 761.388 777.205 790.933 806.550 832.348 854.216 870.272 887.900 911.146 924.898 930.085 933.520 936.795 939.582 941.774 947.432 959.948 976.273 995.908 1018.810 1038.451 1053.508 1069.456 1092.187
485.893 488.717 491.473 494.270 497.414 500.999 504.822 508.806 515.653 523.835 530.163 536.698 545.002 552.719 560.299 567.162 574.199 581.768 588.830 594.712 599.819 602.790 605.443 608.489 611.027 613.706 616.738 620.402 624.190 628.503 634.039 640.169 647.460 658.755 671.540 681.581 692.573 703.421 713.375 724.991 739.348 758.622 781.855 798.506 817.370 840.246 854.487 868.921 885.091 901.526 916.724 921.976 924.975 927.387 930.019 933.317 938.084 953.775 972.178 991.092 1013.149 1027.525 1042.129 1058.973 1078.178
486.199 488.830 491.327 493.955 496.961 500.533 504.720 510.081 517.027 523.417 529.964 536.910 543.910 549.936 555.875 561.675 567.704 574.880 583.085 589.272 595.174 599.287 601.638 604.184 606.598 610.076 613.957 618.944 623.182 627.541 632.179 638.089 646.090 655.958 666.775 677.279 689.267 701.504 712.728 723.530 737.706 761.366 789.960 810.045 827.461 839.808 851.339 867.842 884.907 899.758 907.769 911.692 914.624 918.026 921.092 926.738 935.862 948.579 965.834 986.927 1004.858 1015.927 1030.793 1047.947 1067.553
486.775 489.311 491.610 493.991 496.891 500.729 504.999 510.528 517.228 523.100 528.976 535.212 541.846 546.858 550.951 555.487 560.887 568.436 575.465 582.789 588.450 594.921 598.074 600.372 603.233 607.323 611.805 617.003 621.994 626.604 631.660 637.319 644.668 653.998 664.842 675.191 687.608 700.535 711.961 725.849 743.726 768.903 793.376 809.276 822.081 835.418 848.643 869.634 883.184 889.398 899.900 903.686 905.898 908.445 913.131 920.879 931.383 943.572 958.539 976.852 990.101 1000.943 1015.414 1032.845 1053.571
487.153 489.521 491.462 493.716 496.617 500.149 504.582 509.911 515.822 521.438 527.172 532.574 538.130 542.845 545.755 549.068 553.587 561.661 568.728 575.728 581.865 588.893 593.659 596.389 600.007 604.650 609.415 614.714 620.574 625.634 630.742 636.160 642.665 650.250 661.870 673.056 686.073 700.728 716.325 734.313 754.134 777.587 786.743 802.884 816.142 834.527 851.709 863.636 874.834 879.756 889.629 893.961 897.167 900.494 905.826 913.499 924.243 937.600 952.531 964.627 974.920 987.434 1002.345 1020.029 1037.436
487.226 489.348 491.196 493.112 495.905 499.726 503.400 507.729 512.989 518.603 524.165 529.336 533.995 538.097 540.537 542.455 546.904 553.665 561.032 568.716 574.710 583.934 589.296 593.129 597.595 602.149 607.239 612.629 618.888 624.914 629.876 634.875 640.052 645.498 653.861 668.447 687.933 707.991 726.677 744.544 761.760 764.643 774.008 799.941 823.484 848.656 848.500 852.237 861.575 869.243 880.040 884.824 888.316 892.016 896.789 903.584 914.256 928.416 941.852 951.079 958.027 969.966 987.470 1006.161 1018.686
487.290 489.103 490.644 492.373 494.981 499.155 502.857 506.485 510.138 514.325 519.490 525.034 529.571 532.994 535.056 536.784 541.016 546.448 554.286 560.948 568.328 579.226 586.217 591.038 595.933 600.920 606.106 611.668 617.911 624.374 629.495 633.371 637.253 641.739 647.795 656.830 687.582 706.559 732.583 736.876 748.583 752.228 763.678 789.857 811.427 848.618 841.912 842.240 847.195 860.550 870.674 875.184 878.946 883.428 887.299 894.063 904.626 918.027 925.508 931.583 939.802 952.056 968.461 986.506 998.623
486.570 488.389 490.080 491.913 494.515 498.626 502.324 505.684 509.328 512.930 516.287 519.801 524.067 528.149 530.051 531.684 535.185 540.526 547.979 554.105 562.183 571.859 583.242 589.836 594.787 600.103 605.814 611.688 617.902 623.358 628.616 632.166 635.596 639.386 644.112 654.283 663.564 692.565 718.267 722.324 730.333 736.135 751.538 761.135 800.285 828.322 830.397 831.394 836.961 854.808 860.980 865.456 869.682 874.575 878.574 885.517 896.439 907.240 910.870 915.896 924.910 937.805 953.963 966.762 974.479
486.069 487.822 489.430 491.518 494.652 497.926 501.139 504.476 508.098 511.787 514.986 517.693 520.039 523.054 526.296 528.142 531.032 536.362 542.087 549.037 556.719 565.706 575.717 586.249 593.191 600.556 606.907 612.718 618.108 622.764 627.736 631.329 634.585 638.263 643.584 649.564 656.303 688.561 705.657 710.554 714.896 722.589 732.190 749.439 768.179 805.727 811.452 817.732 828.490 840.210 848.154 854.777 859.436 864.767 870.526 877.176 888.386 896.388 899.128 901.779 907.378 918.054 932.497 939.486 950.894
485.343 487.228 489.197 491.568 494.311 497.213 500.108 502.898 506.183 510.043 513.360 515.956 518.061 520.081 522.745 525.080 527.943 532.696 538.869 545.208 552.362 562.236 571.805 581.008 588.819 597.090 606.967 613.457 618.101 622.457 626.993 630.743 634.129 638.068 642.614 648.193 656.935 678.016 692.630 699.055 705.282 712.570 721.777 734.306 754.848 785.930 798.116 804.945 818.883 827.805 835.599 843.616 849.819 855.444 861.064 870.267 880.516 885.920 886.983 888.964 894.015 904.566 915.575 925.054 936.580
