GIS/plot_heads/output/carmel_dtw.txt
ncols         406
nrows         328
xllcorner     595500
yllcorner     4015200
cellsize      100
NODATA_value  -999.000
[rows 180 to 209 of 328, columns 268 to 334 of 406]
43.618 15.212 31.676 63.737 94.383 123.925 90.916 64.323 45.086 56.88 61.268 93.656 102.262 122.668 128.51 164.375 153.559 167.145 168.865 167.289 169.697 171.541 169.671 155.388 136.649 125.625 115.195 106.851 135.677 148.438 128.892 111.529 96.224 83.486 74.753 68.499 53.663 74.781 44.578 12.83 34.334 40.066 10.324 46.801 37.907 28.384 -1.5 -1.832 32.665 41.758 31.599 17.221 9.022 -7.229 5.776 10.991 11.821 25.164 44.356 34.263 -10.469 -10.623 13.645 33.621 54.334 36.904 72.814
29.231 4.064 44.768 79.593 110.834 136.242 107.316 66.755 38.812 35.703 54.862 66.125 85.437 101.856 132.899 158.878 143.489 163.729 166.164 167.187 169.226 168.681 169.898 169.388 169.024 165.146 140.959 105.17 137.352 144.046 126.299 119.77 109.93 99.37 86.425 77.945 72.908 79.343 52.357 20.914 25.303 38.363 21.178 19.428 51.512 34.817 22.91 -0.066 20.046 35.886 21.182 20.231 4.905 -6.815 6.274 28.193 41.532 33.31 19.225 -10.828 -13.878 14.071 24.164 49.114 46.479 13.388 40.97
14.958 -3.141 30.141 72.771 115.749 137.011 116.541 75.207 31.806 30.878 47.786 61.938 83.553 80.209 127.495 146.104 126.573 144.005 160.226 169.459 166.689 169.639 169.823 164.199 154.146 169.078 154.528 105.208 123.99 128.575 113.63 130.253 130.103 115.793 96.455 90.675 94.21 84.917 44.637 32.764 43.353 55.503 51.474 21.784 36.087 50.465 31.451 3.146 23.444 37.767 15.31 7.29 -2.746 -5.203 9.657 17.21 29.667 14.305 -11.554 -12.494 7.06 36.03 41.946 30.903 32.55 8.493 -17.348
-1.769 1.518 55.451 95.359 123.614 118.697 98.486 67.191 37.201 24.657 50.703 63.148 60.174 77.575 122.991 129.304 108.579 130.082 167.563 164.034 166.878 168.857 169.813 168.113 143.159 139.217 156.416 105.551 99.583 108.535 116.95 149.854 153.375 133.039 115.229 111.557 112.706 84.501 55.311 85.537 73.105 71.393 61.401 33.435 49.117 45.934 14.862 10.312 33.814 30.251 14.65 0.338 -1.044 16.426 10.877 24.999 15.195 -10.41 -11.104 19.898 24.818 44.45 38.991 15.638 17.294 -2.931 -28.593
-3.528 35.328 70.942 103.696 128.516 101.165 78.273 44.167 22.08 17.129 42.084 43.543 55.642 85.036 115.852 116.119 96.756 151.124 159.878 155.138 166.388 169.74 169.27 169.955 166.486 133.79 123.487 110.705 93.99 100.635 143.038 166.641 158.865 131.845 137.009 135.668 125.726 101.107 74.113 104.828 118.285 110.953 79.727 46.104 46.331 43.171 26.137 31.697 23.784 11.658 5.857 0.018 10.393 13.343 10.821 -4.793 -6.439 -6.33 24.188 41.701 25.192 31.535 22.52 5.665 -0.512 -23.329 -25.084
16.434 37.48 83.409 110.39 128.449 86.555 84.954 46.757 16.181 8.704 23.287 35.762 64.537 81.117 103.366 86.67 96.629 132.969 132.135 150.577 169.893 169.546 168.635 169.742 151.884 163.874 159.607 142.93 89.136 112.223 138.906 150.519 149.426 125.968 147.562 133.333 116.91 98.087 94.209 126.656 138.341 111.9 86.131 57.199 54.116 53.955 44.331 30.648 21.967 9.509 4.114 -0.62 5.956 -0.937 -1.581 -3.367 24.887 34.391 48.171 54.445 11.855 15.055 12.411 -3.908 -19.692 -22.961 21.272
55.76 53.342 76.645 115.705 118.498 75.151 56.593 49.494 15.47 3.734 14.082 45.558 51.936 64.595 88.927 81.736 112.096 115.664 118.199 166.357 169.314 169.819 168.873 167.085 124.336 154.606 151.741 118.962 84.256 99.527 125.235 157.956 123.356 126.495 153.779 136.777 117.694 109.488 127.941 135.286 126.822 101.497 71.284 54.061 56.739 65.437 66.721 40.824 16.865 9.345 2.392 -1.128 1.038 1.657 10.87 21.988 34.397 41.494 30.249 45.156 12.907 -2.719 0.384 -15.106 -17.747 20.923 34.191
48.208 90.178 111.983 127.877 112.322 86.469 44.461 24.253 19.265 0.753 11.738 18.791 35.588 69.147 84.183 77.669 106.522 114.48 108.14 137.475 167.913 169.954 163.532 162.158 104.846 133.685 147.155 131.5 78.978 113.759 149.341 155.812 115.998 145.379 146.299 131.01 117.417 128.776 143.828 121.433 92.325 77.85 68.119 53.217 63.082 57.745 52.443 33.998 24.099 5.877 0.741 0.615 -2.284 1.389 8.063 21.561 41.814 15.265 19.073 33.037 17.232 -9.405 -11.107 -13.386 18.905 31.207 25.016
66.443 80.066 106.162 134.462 109.743 74.687 53.959 19.227 5.626 0.987 10.391 16.394 56.703 81.657 70.309 73.765 93.238 95.568 108.411 125.806 142.619 157.36 146.805 140.645 80.683 115.327 130.881 110.699 71.639 104.962 146.397 144.678 108.65 146.62 151.065 123.057 107.097 130.746 148.316 126.829 99.143 65.979 52.535 46.356 51.854 54.877 54.887 41.722 17.946 6.307 -0.36 0.648 -2.691 3.901 11.036 20.438 36.099 9.372 13.507 14.298 -4.678 -7.966 -6.854 -2.182 13.864 21.476 21.065
71.518 95.247 115.021 131.349 109.3 82.694 46.9 32.14 12.683 1.949 29.544 34.302 75.161 107.339 66.171 66.191 90.808 89.071 110.618 106.815 123.257 128.623 121.306 121.613 56.281 85.592 107.241 86.597 61.788 118.051 144.633 129.823 100.868 132.75 147.025 129.251 102.446 120.349 146.244 129.631 102.645 82.067 46.024 45.568 82.279 101.362 87.482 72.195 28.484 7.434 -1.01 -0.44 -0.265 7.63 23.523 16.722 24.606 3.233 -0.114 -3.223 -3.656 1.127 10.186 19.824 6.644 8.117 11.48
57.899 79.971 77.468 106.179 133.935 106.449 67.375 32.778 11.796 1.644 43.479 73.065 97.886 123.81 87.164 64.664 79.425 77.819 95.088 93.464 112.507 87.654 99.011 91.42 51.507 38.373 81.462 54.279 61.301 105.706 139.047 111.894 91.131 129.939 148.261 113.351 95.086 118.649 126.025 104.197 79.863 67.347 43.701 66.393 93.859 79.873 54.245 59.521 58.34 20.078 -1.197 -0.452 3.792 3.855 7.571 12.303 9.681 3.245 -0.532 8.884 17.557 9.253 14.302 23.19 1.638 3.299 1.091
46.794 51.946 62.503 98.141 123.943 102.64 83.461 47.927 1.528 0.589 53.41 79.929 83.112 117.45 114.172 60.311 57.766 52.245 70.41 85.735 84.414 65.944 79.018 70.106 44.697 22.933 60.705 44.294 68.528 104.766 118.907 77.205 85.779 125.962 132.046 90.659 88.165 130.763 136.8 85.855 54.191 37.182 39.998 76.334 80.76 62.799 41.126 71.767 44.807 14.26 -3.069 2.875 7.514 12.789 8.98 14.931 0.508 -0.582 -0.338 20.269 13.373 1.592 14.837 9.143 -2.358 -2.281 -3.142
39.895 45.019 81.407 96.354 89.868 87.227 105.65 83.651 31.679 1.956 24.829 61.554 63.012 100.939 123.301 98.44 67.134 36.833 54.288 50.842 48.392 29.497 47.962 47.907 24.075 12.798 35.09 30.374 58.116 93.829 87.446 64.853 92.215 102.577 107.263 80.34 94.721 123.762 110.608 86.086 47.809 29.573 77.274 95.805 71.839 44.367 24.163 50.32 26.476 0.938 -5.635 2.608 9.635 10.546 16.756 5.286 -1.71 -1.663 11.9 15.996 1.512 -0.87 2.85 1.346 -3.227 -6.191 -8.993
30.7 48.413 64.904 66.929 82.206 69.67 101.204 83.269 57.191 -0.156 -3.838 55.228 42.79 95.673 98.594 77.585 59.716 15.513 25.187 -16.998 6.703 13.129 1.586 6.709 0.676 0.053 10.872 12.916 51.298 67.764 48.053 65.964 72.437 89.009 85.418 64.857 99.815 123.174 92.512 56.205 21.142 26.155 73.338 62.495 40.108 15.539 5.924 9.855 -7.562 -5.921 -7.478 -7.817 -7.411 -0.693 6.061 1.795 -3.55 -5.043 -6.508 2.477 1.681 9.263 7.944 0.519 -4.228 -6.663 -5.727
30.019 38.946 37.343 51.683 67.894 48.314 85.103 73.566 46.174 14.957 -7.911 19.3 38.16 76.893 64.13 53.338 38.005 8.588 -15.248 -15.291 -14.318 -8.853 -9.216 -7.678 -6.841 -6.052 -7.084 -1.877 45.985 45.031 29.616 46.499 39.383 62.912 38.712 49.164 92.487 94.472 65.529 36.46 10.13 40.411 36.926 16.85 -8.793 -8.178 -8.724 -9.248 -10.294 9.642 14.407 4.066 -1.734 -5.173 -5.132 -4.535 -4.69 -5.783 -4.037 -3.473 -0.88 0.546 -2.389 -3.442 -1.806 1.037 -1.355
6.352 13.643 7.021 1.564 11.708 25.834 59.453 50.401 15.589 -15.173 -11.667 17.849 32.933 38.834 29.949 27.689 15.966 18.198 -15.613 -2.336 -12.285 -11.984 6.368 28.853 14.961 -3.748 -6.847 -8.201 10.83 27.507 -7.585 -10.334 0.644 10.108 23.272 42.359 36.154 35.468 33.235 5.409 -0.815 -8.785 -8.73 -9.554 -10.322 17.812 22.729 25.974 23.631 30.818 44.861 31.965 10.994 6.489 9.351 9.316 12 2.601 1.61 -2.777 -3.065 -2.911 -3.663 6.65 15.389 12.883 1.673
-18.721 -19.419 -21.704 -21.404 -21.298 -3.823 11.733 3.935 -18.446 -18.402 -18.227 -8.403 3.721 2.767 -17.799 -17.566 -17.584 -16.219 -17.383 29.302 34.009 20.448 28.745 62.127 53.003 7.04 -1.714 -8.47 -9.554 -3.381 -9.589 -8.778 -11.606 26.3 33.2 -12.852 -12.926 -15.892 -8.269 -9.048 -9.4 -10.782 18.63 30.297 29.958 35.254 51.489 48.071 49.618 50.637 54.488 54.518 38.224 22.513 22.902 44.04 51.408 36.235 15.779 7.42 3.239 0.749 6.481 10.131 15.972 15.672 12.46
-19.527 -20.557 -10.81 -4.406 -21.159 -21.148 -20.843 -19.564 -19.366 1.648 -19.423 -19.967 -19.897 -18.478 -18.145 -11.391 -9.254 4.94 21.945 41.341 61.86 65.4 69.356 82.896 80.901 38.227 23.462 5.264 -11.178 -12.015 -13.499 16.757 -11.014 -12.784 -12.349 -15.447 -5.726 -17.262 36.057 64.059 59.596 67.583 56.171 64.314 58.583 63.076 63.03 77.542 78.9 70.753 76.773 73.236 59.966 52.366 49.62 65.984 77.918 70.117 51.809 22.918 14.304 2.573 0.031 9.458 21.589 21.758 16.792
-4.214 -5.475 -3.732 4.774 21.722 -13.554 -10.018 -6.558 12.177 34.768 13.273 -8.168 1.639 11.719 -6.105 -5.482 -4.596 16.808 46.655 46.292 50.098 66.332 83.223 100.554 104.069 80.661 43.357 43.404 26.365 18.214 38.742 19.813 8.447 -13.673 -16.36 7.163 -3.346 -19.448 25.392 57.838 78.117 102.367 99.935 90.99 90.183 88.292 85.63 99.384 106.8 96.175 100.165 85.893 73.268 69.634 71.322 59.113 67.09 64.864 58.732 46.404 28.408 8.935 16.364 21.05 27.521 31.241 27.857
-1.294 -1.204 -0.793 7.759 -12.418 -14.071 13.028 27.917 35.465 52.438 35.473 1.763 21.832 39.171 27.192 4.17 -8.925 -4.948 -2.193 51.128 53.1 59.996 80.153 98.958 121.972 89.579 69.788 77.405 64.676 70.796 57.47 36.114 58.453 30.931 38.764 43.665 18.941 -22.029 -24.75 19.927 46.326 59.521 78.904 105.279 113.143 98.876 117.2 119.971 104.053 84.384 112.646 101.642 88.622 87.873 84.85 46.028 33.955 45.43 30.707 23.906 25.527 29.179 38.705 31.973 36.585 45.252 41.565
10.198 1.685 6.256 -3.249 -14.639 -12.52 13.353 31.911 43.109 53.824 48.251 11.799 28.407 57.092 51.042 15.467 43.618 28.789 -2.397 27.536 55.324 55.984 59.119 76.482 91.251 105.853 95.081 106.689 99.701 106.792 73.825 83.012 84.337 74.259 69.103 41.519 -16.726 -22.696 -27.572 -29.465 0.206 34.699 60.38 71.688 67.129 82.136 111.364 92.638 62.265 67.005 98.987 86.957 88.966 106.626 81.879 46.654 25.021 27.86 18.751 21.86 28.667 43.225 67.884 65.426 50.356 59.082 58.68
14.403 21.588 20.617 -5.909 -14.985 -7.409 7.42 17.644 24.242 40.193 55.063 31.309 42.063 66.395 62.174 30.797 56.184 52.69 0.548 3.398 49.28 77.351 58.082 63.364 81.526 94.543 101.65 109.026 118.977 99.567 98.964 117.28 112.667 85.291 52.39 5.977 -18.221 22.096 -12.164 -31.894 -3.612 35.119 27.586 36.861 38.089 68.835 90.281 58.688 49.863 59.585 57.602 68.063 88.152 79.174 69.171 42.155 14.527 13.591 14.538 31.43 38.742 43.568 59.264 72.701 75.904 69.442 78.293
32.939 35.039 30.485 -1.761 -15.781 -4.301 -5.877 -1.869 3.624 8.263 24.601 34.086 42.055 66.798 79.583 37.088 51.283 81.529 52.528 5.111 17.441 52.355 56.465 54.453 62.358 74.071 82.095 85.824 94.303 102.562 109.336 116.24 99.707 85.232 60.48 -0.283 -18.6 34.652 -0.704 -33.905 -33.781 -1.463 -5.936 2.801 18.648 51.42 64.729 34.535 29.958 41.055 70.519 96.571 92.61 57.502 36.755 35.148 3.969 8.337 23.292 39.563 64.462 73.809 81.147 87.822 97.162 93.037 95.467
41.407 35.288 25.537 -0.576 -14.154 -2.022 2.567 8.644 15.238 11.367 9.843 18.899 32.508 47.321 85.697 59.97 67.398 91.168 77.508 32.407 11.897 15.63 22.941 33.722 41.807 51.913 56.554 66.666 76.048 88.006 96.361 102.705 88.61 68.193 45.289 4.952 -18.312 14.064 24.924 -18.621 -37.946 -37.819 -37.213 -27.624 -5.226 18.344 44.672 12.149 19.433 70.029 81.067 69.949 78.777 65.183 22.958 14.917 3.561 16.474 36.327 58.376 76.773 90.398 93.716 105.821 103.187 115.927 113.229
30.355 14.22 0.892 -7.41 -13.936 -3.878 17.101 11.547 22.846 23.705 29.892 21.217 42.048 42.513 54.287 79.412 87.807 89.783 50.015 38.512 60.893 45.2 16.952 19.798 22.605 49.927 52.741 57.137 62.896 66.87 79.195 87.199 91.407 66.214 41.346 30.243 -18.663 -16.924 13.71 14.818 -3.421 -18.579 -41.115 -40.387 -40.371 2.225 26.48 -4.943 41.351 49.439 61.545 50.626 34.962 42.641 29.993 -2.23 -2.282 22.13 51.243 76.239 78.729 70.58 81.742 79.076 96.131 116.003 102.44
25.36 9.09 1.634 -0.515 -15.944 -15.607 13.299 19.102 24.352 27.737 36.546 21.893 25.492 62.664 58.867 69.32 100.33 75.587 64.225 82.507 97.178 85.917 76.041 58.22 20.402 21.712 62.273 73.613 64.067 65.578 68.589 74.76 83.715 78.283 61.175 27.305 5.47 -20.83 -19.944 27.745 44.046 23.455 9.514 -20.359 -42.644 -43.341 -17.087 -20.443 27.095 23.26 49.862 60.365 28.694 13.226 2.966 -7.439 10.571 47.488 72.953 57.996 56.942 66.043 59.869 65.271 91.342 89.829 58.944
14.072 7.752 9.205 -16.753 -17.476 -16.768 -11.196 8.089 20.571 28.035 39.728 41.976 31.234 59.198 96.835 82.637 114.66 108.808 82.778 113.124 128.679 121.015 105.178 80.72 61.802 20.974 30.062 67.567 69.752 61.264 67.104 68.294 70.812 75.734 62.875 40.33 38.689 0.676 -22.578 13.07 47.219 59.924 41.02 4.403 -43.534 -44.244 -18.93 -32.214 -17.657 1.541 23.573 23.851 20.436 20.798 -15.649 -14.176 28.521 58.224 59.872 38.406 47.138 38.648 45.66 86.105 101.722 61.976 32.801
12.873 4.054 -5.018 -17.71 -5.694 -0.22 -10.224 -4.664 18.096 24.574 35.903 41.153 34.165 71.259 124.207 125.888 147.311 130.706 107.666 154.024 151.635 148.828 129.519 111.93 88.189 45.452 24.014 30.533 36.443 41.415 63.136 64.567 63.299 68.699 74.36 58.343 33.985 4.371 -23.691 -8.503 29.002 58.503 44.931 -0.562 -46.181 -43.191 -41.577 -41.026 -40.631 -39.13 -37.823 -13.664 1.159 1.718 -20.942 -19.164 10.354 10.899 0.957 18.342 10.974 23.72 54.693 63.398 73.199 51.051 8
17.631 6.099 -4.587 -16.536 -3.867 2.078 4.906 -8.85 23.25 36.123 55.353 45.208 52.606 99.137 131.843 156.322 167.441 163.141 137.665 163.15 167.549 163.62 123.975 102.28 74.364 53.262 30.196 47.426 63.451 44.106 49.22 70.093 65.117 76.96 81.274 69.126 46.253 17.951 -22.93 -22.492 0.6 37.476 50.838 26.353 1.367 -46.782 -45.234 3.281 1.292 -24.97 -38.653 -37.959 -34.804 -25.872 -28.828 -31.901 -31.858 -30.488 -20.27 -22.44 -5.12 35.18 31.946 51.3 32.43 23.551 -25.048
34.59 7.464 -7.59 -15.536 -7.751 2.103 10.453 -4.094 32.873 54.501 82.884 103.175 64.585 65.868 118.306 151.348 167.613 169.121 165.183 167.592 169.47 147.87 136.939 145.75 120.776 56.075 40.561 78.28 73.39 48.403 48.476 64.895 78.398 83.581 82.427 74.025 50.614 19.485 -10.439 -19.986 4.513 11.807 27.258 38.525 39.7 19.57 17.387 46.304 49.653 14.246 -21.729 -21.913 -35.472 -35.185 -34.162 -33.884 -31.071 -30.893 -30.871 -29.71 -27.086 0.688 -7.661 -4.147 -12.192 -14.15 -27.578
