MODFLOW/OUTPUT/head_4_ascii.asc
ncols         406
nrows         328
xllcorner     595500
yllcorner     4015200
cellsize      100
NODATA_VALUE -999.0
[rows 99 to 131 of 328, columns 75 to 149 of 406]
-999.0 -999.0 -999.0 -999.0 -999.0 -999.0 -999.0 -999.0 361.9 -999.0 -999.0 -999.0 384.1 390.6 396.2 403.1 409.5 415.2 419.7 423.2 425.0 424.7 422.2 417.8 412.1 405.2 397.2 387.7 377.2 365.8 353.5 341.2 330.4 321.3 313.9 307.8 303.1 300.3 300.4 303.3 308.4 315.1 323.2 332.2 342.6 354.4 367.4 379.8 390.8 399.4 405.3 408.3 408.7 406.6 402.3 396.2 388.6 379.0 367.6 355.0 341.4 326.8 310.6 293.5 277.1 262.3 247.6 232.6 218.7 206.4 195.8 187.0 180.3 176.9 174.7
-999.0 -999.0 -999.0 -999.0 -999.0 -999.0 -999.0 -999.0 -999.0 -999.0 -999.0 -999.0 -999.0 399.2 404.4 414.5 422.1 428.3 433.4 437.5 440.2 440.4 438.6 435.0 429.9 423.6 416.1 406.6 395.9 384.1 371.0 357.6 345.8 336.0 328.3 322.1 317.1 313.5 311.8 313.3 317.8 324.0 331.3 339.4 348.3 358.0 368.7 379.2 388.8 396.3 400.9 403.0 402.5 399.7 394.9 388.5 380.7 370.4 357.7 344.1 330.1 315.5 299.1 282.2 266.4 252.5 239.2 225.6 213.2 202.9 194.7 188.4 184.5 183.3 183.1
-999.0 -999.0 -999.0 -999.0 -999.0 -999.0 -999.0 -999.0 -999.0 -999.0 -999.0 -999.0 -999.0 -999.0 -999.0 425.8 433.7 440.3 445.6 450.0 453.4 454.5 453.4 450.8 446.7 441.1 433.9 424.9 414.3 402.5 389.1 374.6 361.4 350.8 342.6 336.3 330.9 326.6 323.6 323.7 327.5 333.2 340.0 347.4 355.2 363.4 372.1 380.7 388.5 394.6 398.2 399.3 397.8 393.9 387.8 379.9 370.6 359.4 345.8 331.7 317.6 303.2 287.5 271.5 256.8 244.2 232.7 221.3 211.0 203.1 197.7 194.5 193.8 194.7 196.2
-999.0 -999.0 -999.0 -999.0 -999.0 -999.0 -999.0 -999.0 -999.0 -999.0 -999.0 -999.0 -999.0 -999.0 -999.0 -999.0 443.8 451.2 456.2 460.4 463.7 465.7 465.6 464.2 461.5 456.9 450.5 442.3 432.2 420.4 406.9 391.7 376.9 365.2 356.6 350.2 344.8 339.9 336.4 335.6 338.0 342.9 349.1 355.8 362.7 369.7 376.7 383.6 389.8 394.5 397.0 397.0 394.1 388.6 380.6 370.5 358.8 345.8 331.4 317.2 303.8 290.7 276.6 262.3 249.4 238.5 229.3 220.8 213.7 208.5 205.9 205.3 207.4 210.4 213.2
-999.0 -999.0 -999.0 -999.0 -999.0 -999.0 -999.0 -999.0 -999.0 -999.0 -999.0 -999.0 -999.0 -999.0 -999.0 -999.0 -999.0 462.3 465.1 468.3 471.4 473.7 474.7 474.6 473.4 470.3 465.2 457.7 448.2 436.9 423.7 407.8 391.5 379.0 369.9 363.2 357.9 353.2 349.5 348.2 349.2 353.0 358.5 364.5 370.5 376.4 382.0 387.4 392.1 395.4 396.8 395.6 391.3 383.9 373.6 360.8 346.5 331.4 316.4 302.2 290.2 279.2 268.0 256.0 245.5 236.7 230.3 225.1 221.2 218.9 218.9 220.5 224.1 228.7 232.8
-999.0 -999.0 -999.0 -999.0 -999.0 -999.0 -999.0 -999.0 -999.0 -999.0 -999.0 -999.0 -999.0 -999.0 -999.0 -999.0 -999.0 467.9 471.1 473.9 476.8 479.7 481.5 482.5 482.6 480.9 477.3 470.3 461.4 450.7 437.9 421.8 405.6 392.5 383.1 376.1 370.9 366.7 363.0 361.2 361.2 363.7 368.1 373.3 378.5 383.2 387.7 391.7 394.9 396.8 397.0 394.8 388.8 379.5 367.0 351.9 335.7 319.6 304.4 290.5 280.1 272.2 264.1 255.8 247.9 241.0 237.8 235.9 235.3 235.2 236.7 239.6 243.8 248.9 253.6
-999.0 -999.0 -999.0 -999.0 -999.0 -999.0 -999.0 -999.0 -999.0 -999.0 -999.0 -999.0 -999.0 -999.0 -999.0 -999.0 -999.0 -999.0 475.1 477.0 480.0 484.0 486.3 487.9 488.5 487.7 485.1 479.3 471.5 461.7 449.3 433.8 419.1 406.0 396.1 389.1 384.0 380.2 376.6 374.5 374.0 375.3 378.4 382.4 386.4 390.2 393.5 396.0 397.7 398.1 397.0 393.5 386.1 375.1 361.0 344.5 327.3 311.5 298.1 286.8 278.8 273.2 268.1 263.4 258.7 254.9 253.5 253.6 254.6 255.9 258.2 261.6 266.0 270.9 275.8
-999.0 -999.0 -999.0 -999.0 -999.0 -999.0 -999.0 -999.0 -999.0 -999.0 -999.0 -999.0 -999.0 -999.0 -999.0 -999.0 -999.0 -999.0 -999.0 -999.0 -999.0 487.7 489.2 491.5 492.2 491.7 489.6 485.0 478.6 470.1 458.5 444.3 430.7 418.9 408.7 401.5 396.7 393.3 389.8 387.6 386.8 387.3 389.2 391.7 394.4 396.9 398.9 400.0 400.2 399.0 396.3 391.4 382.9 370.6 355.4 338.4 321.5 307.2 296.7 289.1 284.9 282.1 279.8 277.9 276.3 274.8 274.9 276.0 278.1 280.1 282.8 286.3 290.4 294.9 299.3
-999.0 -999.0 -999.0 -999.0 -999.0 -999.0 -999.0 -999.0 -999.0 -999.0 -999.0 -999.0 -999.0 -999.0 -999.0 -999.0 -999.0 -999.0 -999.0 -999.0 -999.0 -999.0 -999.0 494.0 494.3 494.0 492.2 488.7 483.6 476.5 464.4 449.9 438.8 428.7 419.9 413.0 408.4 405.0 402.1 400.2 399.3 399.2 399.8 400.9 402.2 403.3 403.9 403.7 402.3 399.5 395.0 388.3 378.5 365.3 349.9 333.6 318.5 307.0 300.6 297.6 296.9 296.8 297.2 297.7 298.5 299.1 299.8 301.3 303.5 305.8 308.8 312.4 316.1 319.9 323.7
-999.0 -999.0 -999.0 -999.0 -999.0 -999.0 -999.0 -999.0 -999.0 -999.0 -999.0 -999.0 -999.0 -999.0 -999.0 -999.0 -999.0 -999.0 -999.0 -999.0 -999.0 -999.0 -999.0 -999.0 -999.0 495.0 493.5 490.7 487.0 483.6 -999.0 448.2 442.5 436.1 430.2 423.8 419.6 416.6 414.0 412.2 411.0 410.3 409.9 409.6 409.5 409.2 408.5 406.9 404.1 399.8 393.6 385.0 373.6 359.5 344.5 329.8 317.1 309.1 307.0 309.0 312.1 315.4 318.3 320.9 323.7 326.1 327.0 327.9 329.8 332.5 336.2 339.0 341.9 344.8 347.5
-999.0 -999.0 -999.0 -999.0 -999.0 -999.0 -999.0 -999.0 -999.0 -999.0 -999.0 -999.0 -999.0 -999.0 -999.0 -999.0 -999.0 -999.0 -999.0 -999.0 -999.0 -999.0 -999.0 -999.0 -999.0 -999.0 -999.0 -999.0 -999.0 -999.0 -999.0 -999.0 443.4 440.4 437.8 434.3 431.2 428.6 425.9 423.7 421.9 420.5 419.0 417.6 416.2 414.5 412.5 409.7 405.7 399.9 392.3 382.1 369.0 353.7 339.0 326.2 316.6 312.6 314.4 320.2 327.5 334.8 340.5 345.1 349.3 353.1 354.6 355.8 357.7 360.7 365.1 366.8 367.7 369.4 371.2
-999.0 -999.0 -999.0 -999.0 -999.0 -999.0 -999.0 -999.0 -999.0 -999.0 -999.0 -999.0 -999.0 -999.0 -999.0 -999.0 -999.0 -999.0 -999.0 -999.0 -999.0 -999.0 -999.0 -999.0 -999.0 -999.0 -999.0 -999.0 -999.0 -999.0 -999.0 -999.0 -999.0 -999.0 442.3 443.0 441.7 439.7 437.0 434.5 432.1 429.7 427.2 424.7 422.0 419.0 415.8 411.9 406.8 399.8 391.0 379.7 365.2 348.8 334.4 323.6 317.2 317.7 323.4 332.3 342.6 352.7 360.6 367.2 372.6 376.8 379.7 382.1 384.9 388.6 393.1 393.7 393.0 393.3 393.9
-999.0 -999.0 -999.0 -999.0 -999.0 -999.0 -999.0 -999.0 -999.0 -999.0 -999.0 -999.0 -999.0 -999.0 -999.0 -999.0 -999.0 -999.0 -999.0 -999.0 -999.0 -999.0 -999.0 -999.0 -999.0 -999.0 -999.0 -999.0 -999.0 -999.0 -999.0 -999.0 -999.0 -999.0 -999.0 449.9 449.2 448.0 446.4 444.1 441.2 437.9 434.3 430.6 426.7 422.6 418.1 413.0 406.9 399.0 389.4 377.4 362.2 345.9 332.2 324.0 321.5 325.2 333.5 344.6 356.5 368.0 377.6 385.4 391.7 396.5 400.5 404.3 408.6 414.0 418.7 420.1 418.0 416.1 415.1
-999.0 -999.0 -999.0 -999.0 -999.0 -999.0 -999.0 -999.0 -999.0 -999.0 -999.0 -999.0 -999.0 -999.0 -999.0 -999.0 -999.0 -999.0 -999.0 -999.0 -999.0 -999.0 -999.0 -999.0 -999.0 -999.0 -999.0 -999.0 -999.0 -999.0 -999.0 -999.0 -999.0 -999.0 -999.0 453.5 454.1 453.8 453.1 451.6 448.7 444.6 439.8 435.0 430.1 424.9 419.3 413.0 405.6 396.8 386.3 373.8 359.1 344.3 332.4 326.7 327.4 333.6 343.9 356.3 369.0 381.0 391.3 399.9 407.0 412.6 417.9 423.4 428.9 434.4 438.0 439.7 439.7 438.5 436.2
-999.0 -999.0 -999.0 -999.0 -999.0 -999.0 -999.0 -999.0 -999.0 -999.0 -999.0 -999.0 -999.0 -999.0 -999.0 -999.0 -999.0 -999.0 -999.0 -999.0 -999.0 -999.0 -999.0 -999.0 -999.0 -999.0 -999.0 -999.0 -999.0 -999.0 -999.0 -999.0 -999.0 -999.0 -999.0 -999.0 457.0 457.0 456.8 456.1 453.3 448.8 443.4 437.8 432.1 426.1 419.5 412.2 403.9 394.3 383.1 370.4 356.7 343.7 334.1 330.5 333.7 341.9 353.6 366.5 379.1 390.7 401.2 410.1 417.9 424.9 431.7 438.4 444.7 449.9 453.2 455.1 456.2 456.6 456.1
-999.0 -999.0 -999.0 -999.0 -999.0 -999.0 -999.0 -999.0 -999.0 -999.0 -999.0 -999.0 -999.0 -999.0 -999.0 -999.0 -999.0 -999.0 -999.0 -999.0 -999.0 -999.0 -999.0 -999.0 -999.0 -999.0 -999.0 -999.0 -999.0 -999.0 -999.0 -999.0 -999.0 -999.0 -999.0 -999.0 -999.0 457.1 456.9 456.0 453.5 449.5 444.2 438.6 432.6 426.0 418.9 411.0 402.0 391.9 380.4 367.7 354.7 343.4 336.0 334.4 339.5 349.3 361.6 374.5 386.6 398.0 408.5 417.5 426.0 434.1 442.3 450.0 456.6 461.5 464.6 466.8 468.6 470.1 471.0
-999.0 -999.0 -999.0 -999.0 -999.0 -999.0 -999.0 -999.0 -999.0 -999.0 -999.0 -999.0 -999.0 -999.0 -999.0 -999.0 -999.0 -999.0 -999.0 -999.0 -999.0 -999.0 -999.0 -999.0 -999.0 -999.0 -999.0 -999.0 -999.0 -999.0 -999.0 -999.0 -999.0 -999.0 -999.0 -999.0 -999.0 454.7 454.3 453.3 451.0 447.6 442.9 437.4 431.4 424.8 417.6 409.5 400.3 389.9 378.3 365.7 353.5 343.5 337.8 338.4 344.9 355.2 367.6 379.9 391.6 402.8 413.2 422.5 431.5 440.5 449.4 457.8 464.5 469.4 472.4 475.0 477.5 479.9 481.8
-999.0 -999.0 -999.0 -999.0 -999.0 -999.0 -999.0 -999.0 -999.0 -999.0 -999.0 -999.0 -999.0 -999.0 -999.0 -999.0 -999.0 -999.0 -999.0 -999.0 -999.0 -999.0 -999.0 -999.0 -999.0 -999.0 -999.0 -999.0 -999.0 -999.0 -999.0 -999.0 -999.0 -999.0 -999.0 -999.0 -999.0 450.6 450.4 449.4 447.4 444.2 440.0 434.9 429.1 422.9 415.9 408.0 399.0 388.7 377.2 365.1 353.9 345.1 340.7 343.3 350.5 360.5 372.0 383.6 395.1 406.0 416.1 425.6 434.9 444.1 453.2 461.3 467.7 472.8 476.6 479.9 483.3 486.6 489.3
-999.0 -999.0 -999.0 -999.0 -999.0 -999.0 -999.0 -999.0 -999.0 -999.0 -999.0 -999.0 -999.0 -999.0 -999.0 -999.0 -999.0 -999.0 -999.0 -999.0 -999.0 -999.0 -999.0 -999.0 -999.0 -999.0 -999.0 -999.0 -999.0 -999.0 -999.0 -999.0 -999.0 -999.0 -999.0 -999.0 443.6 445.6 445.8 444.9 443.1 440.2 436.4 431.7 426.4 420.7 414.2 406.7 398.0 388.1 377.3 366.2 356.4 349.5 347.0 351.0 358.2 367.5 377.6 387.8 398.4 408.5 418.0 427.3 436.6 445.7 454.4 461.9 468.2 473.5 478.2 482.3 486.5 490.5 493.7
-999.0 -999.0 -999.0 -999.0 -999.0 -999.0 -999.0 -999.0 -999.0 -999.0 -999.0 -999.0 -999.0 -999.0 -999.0 -999.0 -999.0 -999.0 -999.0 -999.0 -999.0 -999.0 -999.0 -999.0 -999.0 -999.0 -999.0 -999.0 -999.0 -999.0 -999.0 -999.0 -999.0 -999.0 -999.0 440.0 441.1 441.7 441.5 440.5 438.7 436.1 432.6 428.4 423.6 418.4 412.5 405.6 397.5 388.4 378.6 369.0 361.0 356.6 356.5 360.7 367.4 375.5 384.4 393.3 402.2 410.9 419.5 428.2 437.0 445.7 453.8 461.0 467.3 473.0 478.3 483.0 487.8 491.9 494.9
-999.0 -999.0 -999.0 -999.0 -999.0 -999.0 -999.0 -999.0 -999.0 -999.0 -999.0 -999.0 -999.0 -999.0 -999.0 -999.0 -999.0 -999.0 -999.0 -999.0 -999.0 -999.0 -999.0 -999.0 -999.0 -999.0 -999.0 -999.0 -999.0 -999.0 -999.0 -999.0 -999.0 -999.0 -999.0 438.4 438.6 438.4 437.7 436.4 434.6 432.1 428.9 425.2 420.9 416.3 411.1 404.9 397.7 389.6 381.2 373.4 367.5 365.3 366.6 370.7 376.6 383.6 391.2 398.9 406.3 413.5 420.7 428.7 436.9 445.0 452.6 459.8 466.4 472.7 478.7 483.9 488.5 492.1 494.5
-999.0 -999.0 -999.0 -999.0 -999.0 -999.0 -999.0 -999.0 -999.0 -999.0 -999.0 -999.0 -999.0 -999.0 -999.0 -999.0 -999.0 -999.0 -999.0 -999.0 -999.0 -999.0 -999.0 -999.0 -999.0 -999.0 -999.0 -999.0 -999.0 -999.0 -999.0 -999.0 -999.0 -999.0 -999.0 436.5 436.1 435.3 434.1 432.5 430.7 428.3 425.5 422.2 418.5 414.5 410.0 404.7 398.5 391.7 384.9 379.0 375.2 374.6 376.6 380.3 385.3 391.2 397.6 404.2 410.5 416.4 422.5 429.9 437.6 445.1 452.4 459.6 466.7 473.5 479.7 484.9 489.0 491.8 493.3
-999.0 -999.0 -999.0 -999.0 -999.0 -999.0 -999.0 -999.0 -999.0 -999.0 -999.0 -999.0 -999.0 -999.0 -999.0 -999.0 -999.0 -999.0 -999.0 -999.0 -999.0 -999.0 -999.0 -999.0 -999.0 -999.0 -999.0 -999.0 -999.0 -999.0 -999.0 -999.0 -999.0 435.9 435.2 434.8 433.9 432.5 430.8 429.0 427.1 425.0 422.5 419.6 416.4 413.1 409.3 404.9 399.9 394.7 389.8 385.9 383.6 383.7 385.9 389.1 393.2 398.2 403.7 409.3 414.9 420.3 426.0 432.5 439.5 446.6 453.7 461.1 468.4 475.2 481.3 486.2 489.4 491.3 491.8
-999.0 -999.0 -999.0 -999.0 -999.0 -999.0 -999.0 -999.0 -999.0 -999.0 -999.0 -999.0 -999.0 -999.0 -999.0 -999.0 -999.0 -999.0 -999.0 -999.0 -999.0 -999.0 -999.0 -999.0 -999.0 -999.0 -999.0 -999.0 456.6 453.5 449.0 444.2 440.1 436.9 435.0 433.5 432.0 430.2 428.1 426.1 424.1 422.0 419.8 417.4 414.8 412.1 409.0 405.6 401.8 398.2 395.2 393.1 392.2 392.7 394.4 397.0 400.4 404.5 409.3 414.4 419.5 424.7 430.3 436.4 443.0 449.8 456.7 463.8 470.8 477.3 483.0 487.4 489.6 490.5 490.2
-999.0 -999.0 -999.0 -999.0 -999.0 -999.0 -999.0 -999.0 -999.0 -999.0 -999.0 -999.0 -999.0 -999.0 -999.0 -999.0 -999.0 -999.0 -999.0 -999.0 -999.0 -999.0 -999.0 -999.0 -999.0 471.1 468.9 465.1 459.6 455.0 450.0 445.0 440.6 437.1 434.5 432.4 430.4 428.2 425.9 423.7 421.7 419.7 417.7 415.7 413.6 411.5 409.2 406.7 404.1 402.0 400.6 399.9 400.0 400.8 402.2 404.1 406.8 410.2 414.5 419.2 424.2 429.4 434.9 440.8 447.2 453.8 460.3 466.9 473.2 479.1 483.9 487.5 489.2 489.5 488.5
-999.0 -999.0 -999.0 -999.0 -999.0 -999.0 -999.0 -999.0 -999.0 -999.0 -999.0 -999.0 -999.0 -999.0 -999.0 -999.0 -999.0 -999.0 -999.0 -999.0 -999.0 -999.0 -999.0 -999.0 -999.0 472.8 470.3 466.4 461.7 456.8 451.6 446.3 441.3 437.4 434.2 431.4 429.0 426.5 424.2 422.0 420.0 418.1 416.3 414.6 413.0 411.4 409.9 408.5 407.1 406.2 405.8 406.2 407.1 408.3 409.3 410.7 412.7 415.5 419.3 423.9 428.8 434.0 439.5 445.3 451.6 458.0 464.1 470.0 475.5 480.4 484.3 487.0 488.2 488.1 486.7
-999.0 -999.0 -999.0 -999.0 -999.0 -999.0 -999.0 -999.0 -999.0 -999.0 -999.0 -999.0 -999.0 -999.0 -999.0 -999.0 -999.0 -999.0 -999.0 -999.0 -999.0 -999.0 -999.0 -999.0 480.5 476.3 472.5 468.3 463.7 458.8 453.5 448.0 442.8 438.2 434.3 431.0 428.2 425.6 423.1 421.0 419.1 417.3 415.6 414.1 412.8 411.7 411.1 410.6 410.4 410.6 411.1 412.2 413.6 414.9 415.9 417.1 418.6 420.7 424.2 428.5 433.3 438.4 443.8 449.7 455.9 462.0 467.7 472.7 477.2 481.2 484.3 486.3 487.1 486.5 484.6
-999.0 -999.0 -999.0 -999.0 -999.0 -999.0 -999.0 -999.0 -999.0 -999.0 -999.0 -999.0 -999.0 -999.0 -999.0 -999.0 -999.0 -999.0 -999.0 -999.0 -999.0 -999.0 494.6 490.3 484.0 479.0 474.5 470.2 465.6 460.7 455.4 449.9 444.5 439.5 435.1 431.4 428.3 425.5 422.8 420.8 418.9 417.1 415.5 414.1 413.0 412.3 412.4 412.9 413.6 414.6 416.0 417.5 419.3 421.0 422.1 423.3 424.7 426.7 429.6 433.3 437.7 442.6 447.9 453.6 459.7 465.6 470.6 474.8 478.5 481.6 484.0 485.5 485.8 484.8 482.5
-999.0 -999.0 -999.0 -999.0 -999.0 -999.0 -999.0 -999.0 -999.0 -999.0 -999.0 -999.0 -999.0 -999.0 -999.0 -999.0 -999.0 -999.0 -999.0 -999.0 508.3 504.4 497.8 491.8 485.8 480.5 475.9 471.5 467.2 462.3 457.1 451.5 446.1 441.1 436.5 432.6 429.2 426.2 423.5 421.3 419.3 417.5 415.9 414.6 413.8 413.6 414.2 415.2 416.6 418.3 420.1 422.2 424.3 426.3 427.7 429.0 430.5 432.5 435.1 438.5 442.4 446.7 451.5 456.9 462.6 468.2 472.7 476.1 479.1 481.6 483.5 484.5 484.5 483.2 480.5
-999.0 -999.0 -999.0 -999.0 -999.0 -999.0 -999.0 -999.0 -999.0 -999.0 -999.0 -999.0 -999.0 -999.0 -999.0 -999.0 -999.0 -999.0 -999.0 -999.0 510.9 506.1 499.5 492.7 486.5 481.1 476.4 472.1 468.0 463.3 458.1 452.7 447.4 442.4 437.9 433.9 430.4 427.3 424.5 422.2 420.2 418.4 416.8 415.6 415.1 415.2 416.1 417.6 419.4 421.4 423.7 426.0 428.4 430.5 432.3 434.0 435.8 437.9 440.5 443.6 447.1 450.8 454.9 459.5 464.5 469.3 473.3 476.5 479.1 481.3 482.8 483.5 483.1 481.6 478.7
-999.0 -999.0 -999.0 -999.0 -999.0 -999.0 -999.0 -999.0 -999.0 -999.0 -999.0 -999.0 581.5 580.4 -999.0 -999.0 -999.0 544.2 538.1 528.8 517.3 508.8 500.6 492.9 486.3 480.8 475.9 471.5 467.3 462.8 458.0 453.0 448.0 443.3 439.0 435.1 431.7 428.7 426.1 423.8 421.8 420.1 418.6 417.5 417.0 417.3 418.3 419.9 422.0 424.3 426.7 429.2 431.8 434.1 436.3 438.4 440.5 442.8 445.3 448.1 451.2 454.5 458.0 461.7 465.7 469.8 473.4 476.3 478.8 480.7 481.9 482.4 481.9 480.2 477.2
-999.0 -999.0 -999.0 -999.0 -999.0 -999.0 -999.0 -999.0 -999.0 -999.0 -999.0 583.9 581.7 578.4 572.9 566.6 558.6 548.5 539.7 530.1 519.9 510.4 501.1 492.4 485.6 479.8 474.7 470.1 465.9 461.6 457.2 452.6 448.1 443.8 439.9 436.3 433.2 430.5 428.2 426.1 424.1 422.4 420.9 419.8 419.2 419.5 420.6 422.3 424.4 426.8 429.4 432.0 434.7 437.2 439.7 442.1 444.4 446.9 449.4 452.0 454.8 457.6 460.6 463.7 466.8 470.1 473.2 476.0 478.2 480.0 481.1 481.4 480.7 479.0 475.8
-999.0 -999.0 -999.0 -999.0 -999.0 -999.0 -999.0 -999.0 -999.0 -999.0 -999.0 585.2 582.2 577.8 572.3 565.9 558.3 549.5 540.5 531.1 521.2 511.4 501.4 492.4 485.0 478.7 473.2 468.4 464.2 460.1 456.1 452.0 448.0 444.2 440.8 437.7 435.0 432.9 431.0 429.1 427.1 425.3 423.6 422.4 421.7 421.8 422.8 424.4 426.6 429.0 431.7 434.4 437.1 439.9 442.5 445.1 447.7 450.2 452.7 455.2 457.8 460.3 462.9 465.4 467.9 470.5 473.2 475.6 477.7 479.3 480.1 480.2 479.5 477.6 474.4
