MODFLOW/OUTPUT/head_3_ascii.asc
ncols         406
nrows         328
xllcorner     595500
yllcorner     4015200
cellsize      100
NODATA_VALUE -999.0
[rows 264 to 296 of 328, columns 300 to 374 of 406]
1106.7 1121.6 1138.2 1141.5 1164.3 1182.6 1197.4 1219.4 1230.0 1242.1 1232.4 1230.1 1235.7 1244.4 1236.2 1230.4 1222.1 1216.4 1197.8 1186.3 1175.7 1157.0 1136.0 1121.0 1105.3 1087.2 1069.9 1044.3 1012.1 977.3 966.0 963.5 970.2 974.6 983.6 994.8 1009.1 1024.6 1039.4 1043.4 1040.5 1033.2 1023.6 1012.1 1004.8 1000.4 990.5 978.4 959.8 940.1 919.9 898.4 878.1 860.3 844.7 829.5 812.1 796.1 781.3 767.4 757.0 752.2 751.2 751.2 -999.0 -999.0 -999.0 -999.0 -999.0 -999.0 -999.0 -999.0 -999.0 -999.0 -999.0
1111.8 1121.5 1127.8 1134.9 1142.3 1160.5 1187.6 1218.4 1231.1 1236.8 1234.8 1236.6 1250.7 1250.7 1247.4 1241.6 1232.6 1222.6 1209.0 1199.4 1190.0 1173.4 1149.0 1132.3 1117.2 1099.4 1088.8 1059.0 1029.2 1001.5 994.1 992.7 995.6 999.8 1004.7 1014.8 1025.0 1039.2 1058.7 1057.6 1052.9 1045.5 1036.8 1029.0 1023.5 1016.7 1006.0 988.9 967.9 948.1 928.8 907.6 890.5 871.3 854.0 836.7 818.4 801.9 786.5 770.8 764.4 762.1 759.4 757.8 -999.0 -999.0 -999.0 -999.0 -999.0 -999.0 -999.0 -999.0 -999.0 -999.0 -999.0
1096.5 1111.2 1124.7 1135.7 1140.5 1147.6 1172.1 1200.2 1229.2 1234.3 1236.7 1244.7 1255.8 1257.4 1257.2 1253.7 1245.1 1233.2 1220.4 1211.9 1205.1 1191.1 1164.1 1143.0 1125.5 1110.4 1095.8 1067.6 1038.4 1022.1 1019.0 1017.4 1019.3 1023.7 1028.0 1034.5 1041.5 1050.8 1063.2 1069.2 1062.1 1054.3 1045.0 1037.7 1033.2 1030.1 1022.4 1001.9 978.3 954.3 931.3 909.6 896.5 874.0 856.0 840.1 822.3 807.3 792.5 779.5 776.9 773.6 766.1 762.8 -999.0 -999.0 -999.0 -999.0 -999.0 -999.0 -999.0 -999.0 -999.0 -999.0 -999.0
1086.8 1106.5 1125.2 1142.3 1140.2 1145.5 1168.0 1189.5 1206.2 1230.9 1249.5 1254.2 1262.4 1269.0 1273.5 1272.2 1257.6 1245.7 1233.2 1227.7 1221.0 1209.4 1180.3 1155.2 1136.6 1122.3 1111.7 1080.3 1054.8 1049.2 1044.7 1041.5 1042.9 1047.4 1053.0 1054.9 1057.4 1062.5 1068.8 1075.3 1067.3 1059.5 1051.4 1044.3 1040.7 1044.7 1031.4 1006.4 981.0 954.5 927.2 901.7 886.3 867.4 850.5 837.4 821.8 810.2 799.0 790.9 790.7 787.3 -999.0 764.0 -999.0 -999.0 -999.0 -999.0 -999.0 -999.0 -999.0 -999.0 -999.0 -999.0 -999.0
1071.5 1091.4 1110.0 1125.9 1130.6 1141.8 1147.0 1153.0 1197.5 1216.0 1253.8 1258.5 1265.2 1276.0 1290.8 1276.6 1264.5 1256.8 1249.6 1243.7 1234.0 1222.7 1200.7 1167.0 1147.4 1132.5 1123.2 1094.2 1070.9 1069.8 1068.4 1065.6 1067.7 1071.9 1076.8 1074.3 1073.7 1073.8 1075.0 1074.9 1069.9 1063.3 1055.1 1047.4 1040.5 1035.8 1023.6 1003.1 978.4 952.5 926.1 903.3 886.8 865.1 845.1 829.2 819.5 811.8 809.6 812.5 810.2 799.2 -999.0 -999.0 -999.0 -999.0 -999.0 -999.0 -999.0 -999.0 -999.0 -999.0 -999.0 -999.0 -999.0
1051.8 1073.6 1094.6 1111.4 1118.4 1123.2 1127.4 1140.0 1187.5 1210.0 1248.4 1256.7 1263.6 1273.0 1285.2 1274.1 1267.8 1264.9 1268.0 1262.8 1248.1 1231.4 1207.5 1176.8 1156.9 1140.7 1125.4 1106.5 1086.7 1088.5 1089.9 1088.9 1089.0 1093.3 1099.8 1092.6 1088.3 1085.7 1083.3 1080.0 1074.1 1066.7 1057.7 1048.1 1038.6 1029.7 1016.9 996.6 973.7 949.0 926.9 907.6 885.7 864.6 846.7 830.2 829.0 828.1 828.2 832.7 835.3 -999.0 -999.0 -999.0 -999.0 -999.0 -999.0 -999.0 -999.0 -999.0 -999.0 -999.0 -999.0 -999.0 -999.0
1036.8 1058.3 1080.5 1094.1 1105.7 1115.7 1121.2 1136.3 1171.1 1193.9 1227.4 1249.2 1257.1 1264.3 1269.8 1267.1 1265.5 1265.6 1267.5 1271.5 1258.3 1243.0 1222.8 1185.0 1166.6 1150.1 1134.8 1118.6 1103.3 1105.7 1109.5 1111.5 1110.0 1111.5 1117.9 1108.2 1101.2 1096.9 1092.7 1088.6 1081.2 1071.0 1059.9 1047.1 1033.9 1022.7 1010.1 990.0 970.9 950.3 930.9 906.8 883.1 862.7 843.8 824.5 839.3 846.5 851.7 856.7 857.6 -999.0 -999.0 -999.0 -999.0 -999.0 -999.0 -999.0 -999.0 -999.0 -999.0 -999.0 -999.0 -999.0 -999.0
1023.3 1048.9 1065.9 1080.7 1100.7 1117.7 1117.0 1134.3 1142.4 1173.6 1200.6 1218.6 1232.6 1248.9 1255.4 1256.8 1260.4 1263.5 1264.8 1265.1 1259.8 1251.0 1230.0 1193.1 1177.9 1163.1 1149.0 1134.1 1119.6 1122.8 1126.7 1129.7 1129.3 1125.8 1123.8 1118.3 1111.8 1105.5 1100.1 1096.1 1086.7 1074.3 1060.3 1044.8 1028.9 1014.6 1001.6 985.8 970.0 950.9 928.7 904.3 883.5 864.9 854.0 851.1 858.8 867.9 875.6 881.2 878.5 -999.0 -999.0 -999.0 -999.0 -999.0 -999.0 -999.0 -999.0 -999.0 -999.0 -999.0 -999.0 -999.0 -999.0
1009.9 1035.8 1049.0 1063.4 1083.9 1099.3 1105.3 1109.3 1125.4 1134.4 1158.3 1187.7 1200.4 1221.0 1235.6 1240.7 1248.1 1261.3 1262.6 1262.5 1260.6 1257.2 1238.1 1212.2 1195.3 1182.8 1167.1 1150.4 1136.1 1136.7 1145.7 1149.8 1149.4 1142.5 1136.5 1130.0 1120.6 1112.4 1107.2 1107.5 1092.7 1075.2 1057.0 1040.1 1025.3 1008.8 994.2 978.3 961.3 945.3 925.0 904.5 886.6 865.5 865.8 868.5 875.5 885.2 892.8 901.2 896.8 -999.0 -999.0 -999.0 -999.0 -999.0 -999.0 -999.0 -999.0 -999.0 -999.0 -999.0 -999.0 -999.0 -999.0
999.3 1015.3 1026.1 1042.6 1062.2 1078.2 1088.2 1096.5 1111.0 1123.0 1148.0 1164.8 1177.3 1198.4 1206.3 1216.8 1225.3 1237.4 1259.1 1260.9 1260.3 1254.3 1245.4 1220.2 1209.7 1198.3 1182.8 1164.0 1154.3 1157.8 1163.8 1168.7 1169.7 1163.8 1152.9 1144.7 1129.9 1118.2 1110.1 1103.1 1090.9 1073.0 1051.9 1031.7 1021.3 1004.9 987.5 970.4 956.2 940.0 918.0 904.0 892.3 881.2 885.3 884.5 888.5 897.6 907.8 917.2 909.6 -999.0 -999.0 -999.0 -999.0 -999.0 -999.0 -999.0 -999.0 -999.0 -999.0 -999.0 -999.0 -999.0 -999.0
981.3 999.4 1006.5 1024.9 1044.2 1064.3 1077.3 1087.2 1098.5 1116.9 1142.6 1155.4 1166.5 1179.9 1191.6 1203.8 1216.0 1227.7 1244.7 1260.2 1259.8 1258.1 1252.2 1227.2 1219.4 1215.5 1199.1 1184.6 1176.0 1175.8 1182.1 1188.5 1188.2 1182.9 1169.2 1159.0 1145.1 1127.5 1113.3 1104.8 1098.9 1075.2 1052.6 1019.9 1014.1 999.7 981.5 959.0 951.4 934.7 907.1 898.8 896.8 892.4 897.9 899.5 901.0 906.6 912.7 915.5 913.6 -999.0 -999.0 -999.0 -999.0 -999.0 -999.0 -999.0 -999.0 -999.0 -999.0 -999.0 -999.0 -999.0 -999.0
964.4 973.6 985.5 1007.5 1028.1 1050.3 1063.7 1076.9 1087.7 1113.9 1143.8 1153.8 1158.7 1166.7 1180.3 1197.5 1214.6 1231.1 1239.1 1244.6 1261.6 1262.2 1241.7 1233.1 1229.8 1226.3 1218.9 1208.6 1201.7 1200.3 1203.3 1207.1 1204.7 1201.1 1186.1 1174.9 1156.1 1129.8 1114.8 1105.9 1098.4 1081.0 1063.9 1038.7 1023.3 1008.5 988.3 968.2 954.3 940.0 924.6 914.8 910.4 907.7 915.3 919.1 916.5 917.5 918.6 918.5 917.6 -999.0 -999.0 -999.0 -999.0 -999.0 -999.0 -999.0 -999.0 -999.0 -999.0 -999.0 -999.0 -999.0 -999.0
938.7 954.3 973.7 992.2 1006.5 1019.7 1037.7 1052.4 1069.7 1097.1 1115.5 1128.1 1139.7 1151.0 1169.1 1193.9 1218.3 1239.3 1240.3 1245.3 1264.5 1267.5 1266.6 1244.2 1243.1 1241.3 1240.6 1234.1 1230.2 1228.1 1228.5 1227.1 1221.7 1215.6 1207.6 1188.3 1158.0 1132.4 1117.4 1108.1 1099.5 1088.2 1076.0 1056.0 1036.7 1019.9 1003.8 987.4 971.7 959.7 947.3 940.1 931.4 931.8 933.6 934.9 936.4 933.1 930.5 926.4 -999.0 -999.0 -999.0 -999.0 -999.0 -999.0 -999.0 -999.0 -999.0 -999.0 -999.0 -999.0 -999.0 -999.0 -999.0
923.9 939.6 955.1 966.0 977.0 990.7 1011.1 1024.0 1032.5 1057.6 1081.9 1101.9 1120.1 1138.0 1162.8 1188.1 1210.9 1230.7 1240.0 1248.1 1264.9 1272.8 1274.7 1263.9 1258.2 1258.2 1260.1 1261.1 1261.6 1258.3 1256.2 1250.1 1243.7 1233.6 1224.5 1205.8 1163.6 1134.6 1121.2 1111.2 1102.8 1092.1 1086.0 1066.5 1048.0 1032.8 1018.8 1002.8 988.5 978.3 968.2 962.0 953.9 953.0 954.0 951.7 950.5 954.7 952.4 -999.0 -999.0 -999.0 -999.0 -999.0 -999.0 -999.0 -999.0 -999.0 -999.0 -999.0 -999.0 -999.0 -999.0 -999.0 -999.0
910.9 922.9 935.0 944.7 952.9 963.4 980.8 998.9 1006.9 1025.1 1056.6 1077.7 1103.3 1130.7 1158.6 1185.3 1206.4 1228.6 1247.7 1261.1 1270.9 1278.8 1281.9 1277.4 1274.7 1278.5 1284.3 1291.9 1293.6 1284.9 1281.8 1274.6 1265.2 1253.4 1242.0 1221.2 1179.7 1149.4 1128.8 1114.8 1106.2 1091.9 1082.7 1070.5 1056.5 1049.8 1033.2 1015.3 999.9 989.4 984.0 982.9 974.5 972.4 972.5 967.0 964.8 971.5 -999.0 -999.0 -999.0 -999.0 -999.0 -999.0 -999.0 -999.0 -999.0 -999.0 -999.0 -999.0 -999.0 -999.0 -999.0 -999.0 -999.0
897.9 906.9 916.7 924.4 931.7 938.7 951.7 964.5 981.3 1003.7 1034.4 1064.2 1098.9 1129.1 1158.0 1185.0 1207.7 1232.8 1255.5 1270.1 1277.5 1283.9 1287.5 1291.8 1291.8 1299.6 1309.4 1322.9 1317.2 1305.6 1306.5 1298.7 1286.1 1276.3 1261.6 1238.0 1199.6 1183.4 1156.8 1137.6 1115.4 1093.3 1082.0 1071.7 1062.6 1062.3 1046.1 1025.2 1008.1 998.2 994.0 994.9 984.5 979.9 976.4 974.3 974.2 984.1 -999.0 -999.0 -999.0 -999.0 -999.0 -999.0 -999.0 -999.0 -999.0 -999.0 -999.0 -999.0 -999.0 -999.0 -999.0 -999.0 -999.0
886.0 893.2 902.3 908.3 911.8 909.6 928.6 947.2 968.8 997.1 1030.1 1058.3 1091.4 1125.1 1155.6 1186.0 1211.2 1240.5 1275.4 1285.5 1285.3 1285.5 1290.6 1303.0 1311.7 1316.1 1323.1 1332.7 1322.9 1313.9 1307.8 1300.1 1293.4 1288.9 1273.6 1230.9 1207.8 1187.2 1167.6 1149.5 1131.4 1113.4 1097.1 1072.9 1064.1 1060.3 1050.5 1030.2 1013.2 1005.0 999.1 995.2 990.4 985.6 981.0 979.3 978.7 991.7 -999.0 -999.0 -999.0 -999.0 -999.0 -999.0 -999.0 -999.0 -999.0 -999.0 -999.0 -999.0 -999.0 -999.0 -999.0 -999.0 -999.0
872.5 880.1 889.2 894.9 897.5 904.7 921.1 943.6 967.1 993.7 1023.4 1054.6 1083.7 1115.8 1147.4 1179.4 1210.7 1239.8 1280.0 1304.4 1291.5 1287.1 1290.8 1299.5 1322.1 1326.3 1331.9 1341.2 1329.4 1320.2 1312.4 1303.2 1298.8 1294.6 -999.0 -999.0 -999.0 -999.0 -999.0 -999.0 1127.2 1118.4 1106.7 1085.9 1070.6 1066.1 1063.8 1047.3 1019.7 1013.5 1003.3 998.7 997.2 998.9 989.6 985.7 995.9 996.0 -999.0 -999.0 -999.0 -999.0 -999.0 -999.0 -999.0 -999.0 -999.0 -999.0 -999.0 -999.0 -999.0 -999.0 -999.0 -999.0 -999.0
859.8 867.7 874.6 881.2 887.3 897.0 921.5 946.6 968.4 994.6 1021.5 1049.2 1077.1 1104.5 1131.6 1166.5 1197.4 1227.8 1258.2 1277.2 1280.9 1282.3 1287.6 1297.7 1310.8 1327.9 1331.5 1334.4 1330.4 1327.1 1321.2 1312.2 1306.8 -999.0 -999.0 -999.0 -999.0 -999.0 -999.0 -999.0 -999.0 -999.0 1105.6 1099.7 1094.0 -999.0 -999.0 -999.0 1033.5 1028.8 1013.4 1012.8 1008.4 1011.1 1006.8 999.6 -999.0 -999.0 -999.0 -999.0 -999.0 -999.0 -999.0 -999.0 -999.0 -999.0 -999.0 -999.0 -999.0 -999.0 -999.0 -999.0 -999.0 -999.0 -999.0
851.1 852.7 862.4 865.9 879.4 897.2 921.0 948.5 972.5 997.0 1024.5 1047.6 1069.4 1093.9 1119.6 1146.2 1176.7 1201.4 1227.5 1252.2 1265.2 1274.6 1281.0 1292.5 1303.3 1318.5 1329.7 1331.8 1329.8 1328.7 1323.6 -999.0 -999.0 -999.0 -999.0 -999.0 -999.0 -999.0 -999.0 -999.0 -999.0 -999.0 -999.0 -999.0 -999.0 -999.0 -999.0 -999.0 -999.0 -999.0 1025.5 1023.6 1021.6 -999.0 -999.0 -999.0 -999.0 -999.0 -999.0 -999.0 -999.0 -999.0 -999.0 -999.0 -999.0 -999.0 -999.0 -999.0 -999.0 -999.0 -999.0 -999.0 -999.0 -999.0 -999.0
856.7 843.1 858.9 867.3 877.1 892.8 917.5 944.6 972.4 1001.9 1027.1 1048.3 1063.7 1085.4 1109.8 1129.1 1150.4 1177.6 1204.5 1231.8 1239.5 1239.1 1266.3 1284.7 1296.9 1307.2 1318.9 1329.5 1328.5 1325.8 -999.0 -999.0 -999.0 -999.0 -999.0 -999.0 -999.0 -999.0 -999.0 -999.0 -999.0 -999.0 -999.0 -999.0 -999.0 -999.0 -999.0 -999.0 -999.0 -999.0 -999.0 -999.0 -999.0 -999.0 -999.0 -999.0 -999.0 -999.0 -999.0 -999.0 -999.0 -999.0 -999.0 -999.0 -999.0 -999.0 -999.0 -999.0 -999.0 -999.0 -999.0 -999.0 -999.0 -999.0 -999.0
878.3 874.9 878.3 878.9 881.0 889.7 911.1 940.0 966.2 991.3 1015.4 1036.7 1054.8 1075.0 1092.5 1112.6 1133.4 1159.0 1177.9 1202.6 1213.6 1220.5 1241.5 1264.5 1290.2 1292.1 1305.6 1316.1 1321.1 1323.4 -999.0 -999.0 -999.0 -999.0 -999.0 -999.0 -999.0 -999.0 -999.0 -999.0 -999.0 -999.0 -999.0 -999.0 -999.0 -999.0 -999.0 -999.0 -999.0 -999.0 -999.0 -999.0 -999.0 -999.0 -999.0 -999.0 -999.0 -999.0 -999.0 -999.0 -999.0 -999.0 -999.0 -999.0 -999.0 -999.0 -999.0 -999.0 -999.0 -999.0 -999.0 -999.0 -999.0 -999.0 -999.0
902.5 901.4 896.0 891.8 890.1 899.3 917.4 939.7 961.5 983.8 1005.8 1026.8 1046.9 1064.3 1081.8 1100.4 1120.5 1138.3 1162.8 1186.1 1200.1 1215.0 1235.5 1257.7 1277.1 1280.1 1302.4 1310.1 1316.0 1319.0 -999.0 -999.0 -999.0 -999.0 -999.0 -999.0 -999.0 -999.0 -999.0 -999.0 -999.0 -999.0 -999.0 -999.0 -999.0 -999.0 -999.0 -999.0 -999.0 -999.0 -999.0 -999.0 -999.0 -999.0 -999.0 -999.0 -999.0 -999.0 -999.0 -999.0 -999.0 -999.0 -999.0 -999.0 -999.0 -999.0 -999.0 -999.0 -999.0 -999.0 -999.0 -999.0 -999.0 -999.0 -999.0
924.4 920.1 912.8 907.7 903.4 905.8 919.2 938.7 957.8 977.4 997.4 1019.2 1039.1 1057.8 1073.8 1090.7 1107.6 1129.1 1156.5 1174.9 1198.1 1212.1 1231.7 1257.1 1282.4 1279.5 1286.3 1303.0 1309.7 1313.0 -999.0 -999.0 -999.0 -999.0 -999.0 -999.0 -999.0 -999.0 -999.0 -999.0 -999.0 -999.0 -999.0 -999.0 -999.0 -999.0 -999.0 -999.0 -999.0 -999.0 -999.0 -999.0 -999.0 -999.0 -999.0 -999.0 -999.0 -999.0 -999.0 -999.0 -999.0 -999.0 -999.0 -999.0 -999.0 -999.0 -999.0 -999.0 -999.0 -999.0 -999.0 -999.0 -999.0 -999.0 -999.0
948.1 938.0 930.4 924.2 917.2 903.3 922.9 935.9 953.7 969.5 990.4 1012.0 1031.5 1048.5 1065.4 1082.5 1098.4 1118.3 1144.4 1162.6 1182.1 1204.3 1227.4 1249.0 1272.9 1272.9 1280.4 1295.4 1302.3 1306.0 -999.0 -999.0 -999.0 -999.0 -999.0 -999.0 -999.0 -999.0 -999.0 -999.0 -999.0 -999.0 -999.0 -999.0 -999.0 -999.0 -999.0 -999.0 -999.0 -999.0 -999.0 -999.0 -999.0 -999.0 -999.0 -999.0 -999.0 -999.0 -999.0 -999.0 -999.0 -999.0 -999.0 -999.0 -999.0 -999.0 -999.0 -999.0 -999.0 -999.0 -999.0 -999.0 -999.0 -999.0 -999.0
966.9 957.0 950.7 945.2 939.3 937.0 943.8 942.7 948.9 964.6 983.2 1004.7 1022.2 1040.3 1056.9 1072.5 1088.3 1107.0 1126.9 1145.8 1168.8 1195.3 1223.9 1237.0 1254.7 1262.6 1278.9 1287.2 1294.6 1298.6 -999.0 -999.0 -999.0 -999.0 -999.0 -999.0 -999.0 -999.0 -999.0 -999.0 -999.0 -999.0 -999.0 -999.0 -999.0 -999.0 -999.0 -999.0 -999.0 -999.0 -999.0 -999.0 -999.0 -999.0 -999.0 -999.0 -999.0 -999.0 -999.0 -999.0 -999.0 -999.0 -999.0 -999.0 -999.0 -999.0 -999.0 -999.0 -999.0 -999.0 -999.0 -999.0 -999.0 -999.0 -999.0
988.5 980.6 972.1 967.3 963.4 965.4 965.9 957.1 951.5 952.9 969.8 995.9 1014.0 1031.5 1047.9 1062.8 1077.3 1091.4 1110.5 1130.6 1156.3 1183.8 1207.7 1223.7 1236.1 1248.5 1267.1 1277.9 1286.2 1291.0 -999.0 -999.0 -999.0 -999.0 -999.0 -999.0 -999.0 -999.0 -999.0 -999.0 -999.0 -999.0 -999.0 -999.0 -999.0 -999.0 -999.0 -999.0 -999.0 -999.0 -999.0 -999.0 -999.0 -999.0 -999.0 -999.0 -999.0 -999.0 -999.0 -999.0 -999.0 -999.0 -999.0 -999.0 -999.0 -999.0 -999.0 -999.0 -999.0 -999.0 -999.0 -999.0 -999.0 -999.0 -999.0
1013.2 1005.4 994.6 989.7 989.0 989.1 988.1 977.4 961.2 940.3 963.6 982.7 1003.8 1023.5 1039.9 1053.8 1066.2 1080.8 1101.8 1121.7 1143.2 1167.0 1188.9 1201.7 1211.7 1218.1 1245.0 1268.1 1278.0 1284.0 1285.6 1287.2 -999.0 -999.0 -999.0 -999.0 -999.0 -999.0 -999.0 -999.0 -999.0 -999.0 -999.0 -999.0 -999.0 -999.0 -999.0 -999.0 -999.0 -999.0 -999.0 -999.0 -999.0 -999.0 -999.0 -999.0 -999.0 -999.0 -999.0 -999.0 -999.0 -999.0 -999.0 -999.0 -999.0 -999.0 -999.0 -999.0 -999.0 -999.0 -999.0 -999.0 -999.0 -999.0 -999.0
1040.9 1029.2 1019.0 1012.6 1011.5 1012.8 1013.0 1003.6 987.8 976.6 976.0 989.3 1006.1 1021.0 1033.3 1044.0 1056.4 1071.9 1091.7 1112.3 1133.4 1152.1 1168.3 1183.9 1196.4 1205.1 1215.7 1251.1 1269.3 1277.0 1281.3 1284.1 -999.0 -999.0 -999.0 -999.0 -999.0 -999.0 -999.0 -999.0 -999.0 -999.0 -999.0 -999.0 -999.0 -999.0 -999.0 -999.0 -999.0 -999.0 -999.0 -999.0 -999.0 -999.0 -999.0 -999.0 -999.0 -999.0 -999.0 -999.0 -999.0 -999.0 -999.0 -999.0 -999.0 -999.0 -999.0 -999.0 -999.0 -999.0 -999.0 -999.0 -999.0 -999.0 -999.0
1068.1 1064.4 1060.5 1042.2 1039.2 1041.4 1040.4 1028.5 1014.7 1003.6 990.3 994.0 1007.5 1018.9 1025.9 1037.3 1048.6 1059.4 1082.4 1103.6 1129.7 1142.7 1157.7 1174.4 1189.0 1198.5 1208.9 1232.0 1262.2 1262.8 1275.5 1279.1 -999.0 -999.0 -999.0 -999.0 -999.0 -999.0 -999.0 -999.0 -999.0 -999.0 -999.0 -999.0 -999.0 -999.0 -999.0 -999.0 -999.0 -999.0 -999.0 -999.0 -999.0 -999.0 -999.0 -999.0 -999.0 -999.0 -999.0 -999.0 -999.0 -999.0 -999.0 -999.0 -999.0 -999.0 -999.0 -999.0 -999.0 -999.0 -999.0 -999.0 -999.0 -999.0 -999.0
1092.1 1087.9 1088.5 1088.3 1070.6 1070.0 1067.3 1052.9 1040.5 1030.2 1017.3 1007.1 1010.1 1018.2 1026.9 1035.9 1043.9 1050.1 1075.6 1091.6 1116.8 1133.6 1152.3 1169.0 1189.1 1195.4 1210.8 1232.8 1250.7 1253.0 1264.7 1273.7 -999.0 -999.0 -999.0 -999.0 -999.0 -999.0 -999.0 -999.0 -999.0 -999.0 -999.0 -999.0 -999.0 -999.0 -999.0 -999.0 -999.0 -999.0 -999.0 -999.0 -999.0 -999.0 -999.0 -999.0 -999.0 -999.0 -999.0 -999.0 -999.0 -999.0 -999.0 -999.0 -999.0 -999.0 -999.0 -999.0 -999.0 -999.0 -999.0 -999.0 -999.0 -999.0 -999.0
1117.2 1114.9 1113.3 1112.1 1092.6 1095.7 1088.5 1075.8 1065.4 1055.7 1041.7 1030.9 1023.3 1026.5 1038.3 1045.4 1050.2 1060.7 1076.2 1091.9 1112.4 1130.1 1145.4 1157.6 1178.1 1191.7 1209.9 1233.1 1254.7 1251.7 1253.4 1268.8 -999.0 -999.0 -999.0 -999.0 -999.0 -999.0 -999.0 -999.0 -999.0 -999.0 -999.0 -999.0 -999.0 -999.0 -999.0 -999.0 -999.0 -999.0 -999.0 -999.0 -999.0 -999.0 -999.0 -999.0 -999.0 -999.0 -999.0 -999.0 -999.0 -999.0 -999.0 -999.0 -999.0 -999.0 -999.0 -999.0 -999.0 -999.0 -999.0 -999.0 -999.0 -999.0 -999.0
1143.2 1138.8 1138.2 1128.0 1100.6 1100.7 1101.1 1096.1 1090.7 1080.3 1066.0 1052.4 1044.4 1039.8 1051.6 1061.8 1067.5 1075.6 1084.3 1096.6 1111.3 1125.0 1134.6 1137.8 1163.4 1182.3 1205.0 1227.5 1244.3 1244.5 1249.5 1265.4 1267.7 -999.0 -999.0 -999.0 -999.0 -999.0 -999.0 -999.0 -999.0 -999.0 -999.0 -999.0 -999.0 -999.0 -999.0 -999.0 -999.0 -999.0 -999.0 -999.0 -999.0 -999.0 -999.0 -999.0 -999.0 -999.0 -999.0 -999.0 -999.0 -999.0 -999.0 -999.0 -999.0 -999.0 -999.0 -999.0 -999.0 -999.0 -999.0 -999.0 -999.0 -999.0 -999.0
