MODFLOW/OUTPUT/head_4_ascii.asc
ncols         406
nrows         328
xllcorner     595500
yllcorner     4015200
cellsize      100
NODATA_VALUE -999.0
[rows 264 to 296 of 328, columns 300 to 374 of 406]
1090.2 1105.9 1120.1 1132.5 1145.7 1158.7 1171.8 1185.3 1195.9 1204.1 1209.0 1212.6 1215.8 1217.2 1215.3 1211.7 1206.0 1198.4 1188.4 1177.2 1164.4 1149.4 1132.9 1116.0 1098.6 1080.8 1062.5 1043.5 1024.9 1008.7 997.6 991.5 990.6 992.8 997.3 1003.4 1010.0 1016.2 1020.8 1022.2 1020.3 1015.8 1009.3 1001.5 992.8 983.1 971.5 957.9 942.1 925.2 907.7 890.2 873.4 857.2 842.0 827.4 813.4 800.3 788.4 778.1 769.7 763.4 759.0 756.8 -999.0 -999.0 -999.0 -999.0 -999.0 -999.0 -999.0 -999.0 -999.0 -999.0 -999.0
1087.7 1102.6 1116.1 1128.9 1141.5 1155.0 1170.1 1186.0 1198.9 1208.3 1215.0 1220.4 1225.4 1227.2 1226.3 1223.0 1217.5 1209.9 1200.4 1189.7 1177.5 1163.0 1146.4 1129.4 1112.3 1095.0 1077.6 1059.1 1041.4 1026.6 1016.9 1011.6 1010.3 1011.7 1015.0 1019.7 1024.9 1030.2 1034.3 1035.0 1032.6 1027.7 1021.1 1013.5 1004.9 995.1 983.1 968.5 951.9 934.3 916.2 898.3 881.2 864.6 849.0 834.3 820.4 807.7 796.2 786.2 778.2 771.5 765.5 762.4 -999.0 -999.0 -999.0 -999.0 -999.0 -999.0 -999.0 -999.0 -999.0 -999.0 -999.0
1080.8 1096.4 1110.9 1124.2 1136.6 1149.7 1164.7 1181.4 1197.4 1209.1 1218.3 1225.7 1231.8 1234.8 1235.2 1232.8 1227.7 1220.5 1211.7 1201.9 1190.4 1176.3 1159.6 1142.3 1125.2 1108.4 1091.6 1073.9 1057.5 1044.8 1036.6 1031.9 1030.4 1031.1 1033.3 1036.5 1040.0 1043.4 1046.0 1046.1 1042.9 1037.6 1030.7 1023.0 1014.4 1004.7 992.4 977.0 959.4 940.8 922.0 903.6 886.4 869.7 854.2 839.9 826.7 815.0 804.6 795.7 788.3 780.9 770.5 765.9 -999.0 -999.0 -999.0 -999.0 -999.0 -999.0 -999.0 -999.0 -999.0 -999.0 -999.0
1071.9 1088.4 1103.9 1118.0 1130.3 1143.0 1157.7 1173.7 1190.5 1206.7 1219.7 1228.6 1235.6 1240.3 1242.3 1240.9 1236.4 1230.1 1222.3 1213.5 1202.6 1189.1 1172.5 1154.9 1137.8 1121.5 1105.5 1088.8 1074.0 1063.4 1056.3 1052.1 1050.5 1050.7 1051.9 1053.3 1054.7 1056.1 1056.7 1055.5 1051.5 1045.5 1038.2 1030.1 1021.3 1011.4 998.4 982.2 964.0 944.8 925.3 906.5 889.1 872.7 857.6 844.3 832.6 822.6 814.1 806.9 800.7 794.8 -999.0 765.6 -999.0 -999.0 -999.0 -999.0 -999.0 -999.0 -999.0 -999.0 -999.0 -999.0 -999.0
1060.4 1077.6 1093.8 1108.5 1121.4 1134.4 1147.8 1162.7 1181.7 1200.2 1217.0 1227.8 1236.1 1242.4 1246.2 1245.5 1242.3 1237.7 1231.7 1224.0 1213.8 1200.8 1184.7 1166.9 1149.9 1134.0 1118.8 1103.4 1090.3 1081.5 1075.7 1072.0 1070.3 1070.0 1070.1 1069.6 1069.0 1068.1 1066.5 1063.5 1058.5 1051.8 1043.8 1034.8 1025.1 1014.1 1000.6 984.3 966.1 946.8 927.5 908.9 891.6 875.3 860.8 848.6 839.0 831.4 825.6 820.7 815.0 804.3 -999.0 -999.0 -999.0 -999.0 -999.0 -999.0 -999.0 -999.0 -999.0 -999.0 -999.0 -999.0 -999.0
1047.0 1064.9 1081.8 1097.1 1110.6 1123.5 1136.9 1152.1 1171.8 1190.5 1209.5 1222.7 1232.4 1240.0 1245.1 1246.1 1245.0 1242.7 1239.0 1232.9 1223.4 1210.9 1195.3 1177.9 1161.4 1146.0 1131.5 1117.8 1106.4 1099.1 1094.4 1091.3 1089.4 1088.4 1087.4 1085.1 1082.5 1079.5 1075.9 1071.2 1064.9 1057.1 1047.9 1037.8 1026.8 1014.7 1000.7 984.4 966.6 947.9 929.2 911.1 894.0 878.4 865.0 854.4 847.5 842.7 839.4 837.0 835.1 -999.0 -999.0 -999.0 -999.0 -999.0 -999.0 -999.0 -999.0 -999.0 -999.0 -999.0 -999.0 -999.0 -999.0
1033.0 1051.4 1068.7 1084.4 1098.8 1112.5 1125.9 1141.2 1159.4 1178.1 1197.3 1213.0 1224.3 1233.1 1239.4 1242.8 1244.2 1244.2 1242.7 1238.7 1230.9 1219.7 1205.3 1188.3 1172.8 1158.2 1144.7 1132.4 1122.4 1116.3 1112.6 1109.9 1107.7 1105.6 1103.4 1099.5 1095.0 1090.2 1084.9 1078.7 1070.9 1061.6 1051.0 1039.4 1027.1 1014.0 999.6 983.5 966.4 948.6 930.8 913.2 896.7 882.3 870.4 861.7 857.7 855.6 854.5 853.9 853.3 -999.0 -999.0 -999.0 -999.0 -999.0 -999.0 -999.0 -999.0 -999.0 -999.0 -999.0 -999.0 -999.0 -999.0
1018.5 1037.4 1054.8 1070.9 1086.4 1100.9 1114.2 1129.1 1145.0 1163.0 1181.2 1197.4 1210.8 1222.1 1230.4 1236.2 1240.3 1242.9 1243.4 1241.4 1236.0 1227.0 1214.0 1198.4 1184.4 1171.1 1158.7 1147.6 1138.6 1133.4 1130.3 1127.9 1125.2 1121.9 1117.8 1112.6 1106.6 1100.1 1093.2 1085.6 1076.3 1065.3 1053.2 1040.2 1026.7 1012.7 998.0 982.3 966.0 949.1 932.0 915.4 900.4 887.6 878.2 872.2 869.9 869.5 869.8 870.2 869.9 -999.0 -999.0 -999.0 -999.0 -999.0 -999.0 -999.0 -999.0 -999.0 -999.0 -999.0 -999.0 -999.0 -999.0
1003.8 1022.7 1039.7 1055.9 1071.9 1086.8 1100.6 1114.6 1130.1 1146.3 1163.7 1180.5 1195.1 1208.0 1218.6 1226.8 1233.6 1239.3 1242.3 1242.5 1239.6 1233.3 1222.4 1208.8 1196.6 1184.9 1173.6 1163.3 1155.3 1150.5 1148.0 1145.7 1142.6 1138.0 1132.3 1125.4 1117.5 1109.2 1100.8 1091.9 1081.0 1068.4 1054.8 1040.6 1026.3 1011.6 996.6 981.1 965.3 949.4 933.5 918.5 905.3 894.5 887.6 883.7 882.4 882.9 883.9 884.7 884.5 -999.0 -999.0 -999.0 -999.0 -999.0 -999.0 -999.0 -999.0 -999.0 -999.0 -999.0 -999.0 -999.0 -999.0
989.0 1006.9 1023.4 1039.7 1055.9 1071.2 1085.6 1100.0 1115.4 1131.6 1148.9 1165.2 1180.0 1193.8 1205.6 1216.0 1225.1 1233.0 1239.6 1242.5 1242.0 1238.0 1229.7 1218.5 1208.6 1198.7 1188.8 1179.6 1172.6 1168.5 1166.0 1163.6 1159.9 1154.3 1146.9 1138.2 1128.2 1117.8 1107.4 1096.9 1084.9 1071.3 1056.4 1041.1 1026.5 1011.5 996.2 980.8 965.7 950.6 935.7 922.7 911.9 903.5 898.5 895.7 894.7 895.2 896.2 896.8 896.2 -999.0 -999.0 -999.0 -999.0 -999.0 -999.0 -999.0 -999.0 -999.0 -999.0 -999.0 -999.0 -999.0 -999.0
973.8 990.9 1006.8 1023.0 1039.3 1055.2 1070.2 1085.1 1100.7 1117.7 1135.3 1151.4 1166.4 1180.6 1194.0 1206.4 1217.8 1227.8 1236.1 1241.9 1244.0 1242.3 1236.4 1227.9 1220.3 1212.7 1204.6 1196.9 1190.9 1187.0 1184.3 1181.6 1177.1 1170.5 1161.5 1151.0 1138.9 1126.2 1113.8 1101.9 1089.4 1074.9 1059.3 1043.0 1028.2 1013.1 997.7 982.3 968.0 953.7 939.9 928.8 920.2 913.8 910.2 908.1 906.9 906.6 906.4 905.7 904.5 -999.0 -999.0 -999.0 -999.0 -999.0 -999.0 -999.0 -999.0 -999.0 -999.0 -999.0 -999.0 -999.0 -999.0
958.4 974.3 989.9 1006.0 1022.0 1038.0 1053.4 1069.0 1085.2 1103.2 1121.5 1138.1 1153.5 1168.6 1183.6 1198.5 1212.3 1224.4 1233.8 1240.8 1245.9 1246.4 1242.4 1237.2 1232.0 1226.7 1221.0 1215.2 1210.3 1206.5 1203.4 1199.7 1194.2 1186.5 1176.1 1163.5 1149.1 1133.9 1119.8 1106.8 1093.8 1079.5 1064.4 1048.4 1033.1 1018.0 1002.7 987.6 973.6 960.5 948.4 938.6 931.1 926.0 923.1 921.2 919.5 917.9 915.9 913.1 909.6 -999.0 -999.0 -999.0 -999.0 -999.0 -999.0 -999.0 -999.0 -999.0 -999.0 -999.0 -999.0 -999.0 -999.0
943.0 958.3 973.4 988.6 1003.6 1018.7 1034.4 1050.4 1067.4 1086.1 1104.8 1122.6 1139.8 1156.9 1174.3 1191.7 1208.0 1222.2 1232.9 1241.4 1248.5 1251.8 1250.9 1247.3 1244.2 1241.2 1237.9 1234.2 1230.4 1226.8 1222.9 1218.0 1211.3 1202.2 1190.5 1175.7 1158.4 1141.3 1125.9 1112.0 1098.5 1084.7 1070.4 1055.1 1039.9 1025.1 1010.3 996.0 982.6 970.5 959.8 951.1 944.2 939.6 936.7 934.6 932.6 929.8 925.6 920.0 -999.0 -999.0 -999.0 -999.0 -999.0 -999.0 -999.0 -999.0 -999.0 -999.0 -999.0 -999.0 -999.0 -999.0 -999.0
929.1 943.1 957.0 970.5 984.3 998.8 1014.4 1030.5 1047.4 1066.6 1086.7 1106.6 1126.3 1146.0 1166.0 1185.6 1203.8 1219.8 1232.7 1243.0 1251.5 1257.0 1258.9 1257.9 1256.8 1255.8 1254.7 1253.1 1250.5 1246.9 1242.4 1236.3 1228.4 1217.9 1204.5 1187.9 1167.8 1149.0 1132.3 1117.4 1103.4 1089.7 1076.1 1061.6 1047.2 1033.1 1019.0 1005.3 992.5 981.3 971.8 964.0 957.7 953.3 950.3 947.8 945.6 942.9 936.2 -999.0 -999.0 -999.0 -999.0 -999.0 -999.0 -999.0 -999.0 -999.0 -999.0 -999.0 -999.0 -999.0 -999.0 -999.0 -999.0
916.5 928.8 941.1 953.3 965.8 979.3 994.6 1011.0 1028.4 1048.2 1069.9 1091.8 1114.1 1136.6 1158.8 1180.3 1200.2 1218.2 1233.5 1245.6 1255.0 1262.0 1266.2 1267.7 1268.8 1270.0 1271.0 1271.1 1269.3 1265.4 1260.5 1253.7 1244.7 1232.9 1218.1 1199.4 1177.5 1157.5 1139.4 1123.1 1108.2 1094.0 1080.5 1067.1 1053.9 1041.0 1027.5 1014.1 1001.7 991.2 982.7 976.0 970.1 965.7 962.5 959.9 958.1 957.4 -999.0 -999.0 -999.0 -999.0 -999.0 -999.0 -999.0 -999.0 -999.0 -999.0 -999.0 -999.0 -999.0 -999.0 -999.0 -999.0 -999.0
905.2 915.9 926.8 937.6 949.0 961.6 976.4 993.1 1011.7 1032.7 1055.7 1079.5 1104.1 1128.5 1152.5 1175.6 1197.1 1217.1 1234.4 1248.0 1258.0 1265.8 1271.8 1276.0 1279.4 1282.7 1285.4 1286.7 1285.0 1280.9 1275.9 1268.9 1259.4 1247.2 1230.4 1209.7 1186.4 1166.5 1147.0 1129.4 1112.7 1097.9 1084.5 1071.8 1059.6 1047.7 1034.8 1021.5 1009.4 999.5 991.7 985.6 980.0 975.5 972.1 969.6 968.2 968.4 -999.0 -999.0 -999.0 -999.0 -999.0 -999.0 -999.0 -999.0 -999.0 -999.0 -999.0 -999.0 -999.0 -999.0 -999.0 -999.0 -999.0
895.7 904.9 914.4 924.2 934.6 946.5 961.7 979.3 999.1 1021.2 1045.1 1069.8 1095.2 1120.8 1146.0 1170.4 1193.5 1215.2 1234.6 1249.3 1259.6 1267.5 1274.8 1282.0 1287.9 1292.5 1296.0 1297.8 1296.1 1292.2 1287.0 1280.0 1271.4 1259.7 1239.1 1215.2 1192.1 1171.4 1151.8 1133.7 1115.7 1101.5 1088.5 1075.8 1064.3 1052.5 1040.1 1027.1 1015.1 1005.9 998.6 992.8 987.7 983.3 979.7 977.1 975.6 975.9 -999.0 -999.0 -999.0 -999.0 -999.0 -999.0 -999.0 -999.0 -999.0 -999.0 -999.0 -999.0 -999.0 -999.0 -999.0 -999.0 -999.0
888.1 896.0 904.5 913.5 923.6 936.0 951.7 970.0 990.5 1013.0 1037.0 1061.8 1087.1 1112.7 1138.1 1163.3 1187.4 1210.2 1231.0 1247.3 1258.0 1266.5 1275.0 1283.7 1292.5 1298.4 1302.6 1304.9 1303.7 1300.3 1295.3 1288.6 1281.6 1273.2 -999.0 -999.0 -999.0 -999.0 -999.0 -999.0 1111.5 1102.6 1090.9 1079.8 1069.3 1056.0 1044.2 1031.0 1018.5 1010.4 1003.9 998.7 994.3 990.1 986.0 983.1 980.8 980.2 -999.0 -999.0 -999.0 -999.0 -999.0 -999.0 -999.0 -999.0 -999.0 -999.0 -999.0 -999.0 -999.0 -999.0 -999.0 -999.0 -999.0
883.3 889.8 897.2 905.7 915.9 928.8 945.3 964.3 985.0 1007.4 1030.8 1054.9 1079.3 1104.0 1128.7 1153.7 1177.9 1200.8 1221.7 1238.7 1251.5 1261.8 1271.8 1281.9 1291.7 1299.8 1305.0 1307.9 1308.0 1306.0 1301.9 1294.9 1290.3 -999.0 -999.0 -999.0 -999.0 -999.0 -999.0 -999.0 -999.0 -999.0 1089.8 1083.9 1078.2 -999.0 -999.0 -999.0 1017.7 1013.1 1007.8 1004.0 1000.2 995.3 991.0 988.2 -999.0 -999.0 -999.0 -999.0 -999.0 -999.0 -999.0 -999.0 -999.0 -999.0 -999.0 -999.0 -999.0 -999.0 -999.0 -999.0 -999.0 -999.0 -999.0
882.7 887.3 893.6 901.4 911.6 924.9 941.4 960.6 981.3 1003.3 1026.0 1048.9 1071.8 1095.0 1118.5 1142.1 1165.5 1187.7 1208.4 1226.4 1241.2 1253.5 1265.2 1276.8 1287.6 1297.3 1304.1 1308.1 1309.7 1309.6 1307.8 -999.0 -999.0 -999.0 -999.0 -999.0 -999.0 -999.0 -999.0 -999.0 -999.0 -999.0 -999.0 -999.0 -999.0 -999.0 -999.0 -999.0 -999.0 -999.0 1009.7 1007.8 1005.9 -999.0 -999.0 -999.0 -999.0 -999.0 -999.0 -999.0 -999.0 -999.0 -999.0 -999.0 -999.0 -999.0 -999.0 -999.0 -999.0 -999.0 -999.0 -999.0 -999.0 -999.0 -999.0
887.9 890.2 895.4 902.0 911.1 923.4 939.3 958.0 978.3 999.8 1021.5 1043.1 1064.3 1086.1 1108.0 1129.9 1151.8 1173.4 1193.9 1212.7 1227.8 1240.9 1255.0 1268.9 1281.2 1291.4 1299.7 1305.8 1308.9 1310.1 -999.0 -999.0 -999.0 -999.0 -999.0 -999.0 -999.0 -999.0 -999.0 -999.0 -999.0 -999.0 -999.0 -999.0 -999.0 -999.0 -999.0 -999.0 -999.0 -999.0 -999.0 -999.0 -999.0 -999.0 -999.0 -999.0 -999.0 -999.0 -999.0 -999.0 -999.0 -999.0 -999.0 -999.0 -999.0 -999.0 -999.0 -999.0 -999.0 -999.0 -999.0 -999.0 -999.0 -999.0 -999.0
899.2 900.4 903.3 907.7 914.5 924.8 939.0 956.4 975.5 995.5 1016.0 1036.4 1056.6 1077.0 1097.3 1117.9 1138.6 1159.3 1179.2 1197.9 1214.2 1229.1 1244.3 1259.1 1273.2 1283.4 1292.8 1300.4 1305.4 1307.7 -999.0 -999.0 -999.0 -999.0 -999.0 -999.0 -999.0 -999.0 -999.0 -999.0 -999.0 -999.0 -999.0 -999.0 -999.0 -999.0 -999.0 -999.0 -999.0 -999.0 -999.0 -999.0 -999.0 -999.0 -999.0 -999.0 -999.0 -999.0 -999.0 -999.0 -999.0 -999.0 -999.0 -999.0 -999.0 -999.0 -999.0 -999.0 -999.0 -999.0 -999.0 -999.0 -999.0 -999.0 -999.0
914.4 914.4 915.0 917.0 921.5 929.6 941.6 956.6 973.6 991.8 1010.7 1029.9 1049.1 1068.3 1087.4 1106.8 1126.4 1146.2 1166.0 1185.0 1202.3 1218.7 1235.1 1250.8 1264.8 1275.7 1286.0 1294.4 1300.2 1303.2 -999.0 -999.0 -999.0 -999.0 -999.0 -999.0 -999.0 -999.0 -999.0 -999.0 -999.0 -999.0 -999.0 -999.0 -999.0 -999.0 -999.0 -999.0 -999.0 -999.0 -999.0 -999.0 -999.0 -999.0 -999.0 -999.0 -999.0 -999.0 -999.0 -999.0 -999.0 -999.0 -999.0 -999.0 -999.0 -999.0 -999.0 -999.0 -999.0 -999.0 -999.0 -999.0 -999.0 -999.0 -999.0
932.0 930.4 929.2 929.3 931.5 936.9 946.2 958.6 973.0 988.9 1006.1 1024.1 1042.3 1060.4 1078.4 1096.7 1115.4 1134.7 1154.4 1173.4 1191.8 1209.2 1226.4 1242.9 1257.5 1268.3 1278.0 1287.3 1293.9 1297.2 -999.0 -999.0 -999.0 -999.0 -999.0 -999.0 -999.0 -999.0 -999.0 -999.0 -999.0 -999.0 -999.0 -999.0 -999.0 -999.0 -999.0 -999.0 -999.0 -999.0 -999.0 -999.0 -999.0 -999.0 -999.0 -999.0 -999.0 -999.0 -999.0 -999.0 -999.0 -999.0 -999.0 -999.0 -999.0 -999.0 -999.0 -999.0 -999.0 -999.0 -999.0 -999.0 -999.0 -999.0 -999.0
951.4 948.2 945.6 944.1 944.3 946.8 953.5 962.6 974.0 987.3 1002.6 1019.1 1036.1 1053.1 1070.2 1087.6 1105.3 1123.9 1143.1 1162.0 1180.8 1199.3 1217.3 1233.9 1248.6 1259.9 1270.1 1279.6 1286.5 1290.2 -999.0 -999.0 -999.0 -999.0 -999.0 -999.0 -999.0 -999.0 -999.0 -999.0 -999.0 -999.0 -999.0 -999.0 -999.0 -999.0 -999.0 -999.0 -999.0 -999.0 -999.0 -999.0 -999.0 -999.0 -999.0 -999.0 -999.0 -999.0 -999.0 -999.0 -999.0 -999.0 -999.0 -999.0 -999.0 -999.0 -999.0 -999.0 -999.0 -999.0 -999.0 -999.0 -999.0 -999.0 -999.0
971.9 967.6 964.1 961.6 960.5 961.5 965.1 970.1 977.4 987.6 1000.4 1015.3 1030.8 1046.7 1062.8 1079.1 1095.9 1113.6 1132.0 1150.7 1169.9 1189.0 1207.4 1223.5 1238.0 1250.1 1261.6 1271.4 1278.8 1282.9 -999.0 -999.0 -999.0 -999.0 -999.0 -999.0 -999.0 -999.0 -999.0 -999.0 -999.0 -999.0 -999.0 -999.0 -999.0 -999.0 -999.0 -999.0 -999.0 -999.0 -999.0 -999.0 -999.0 -999.0 -999.0 -999.0 -999.0 -999.0 -999.0 -999.0 -999.0 -999.0 -999.0 -999.0 -999.0 -999.0 -999.0 -999.0 -999.0 -999.0 -999.0 -999.0 -999.0 -999.0 -999.0
993.6 988.6 984.2 981.0 979.1 978.9 979.7 981.0 984.0 989.9 1000.0 1012.9 1026.9 1041.5 1056.5 1071.6 1087.3 1103.9 1121.6 1140.0 1159.1 1178.2 1196.1 1212.0 1226.1 1238.8 1251.3 1262.1 1270.5 1275.3 -999.0 -999.0 -999.0 -999.0 -999.0 -999.0 -999.0 -999.0 -999.0 -999.0 -999.0 -999.0 -999.0 -999.0 -999.0 -999.0 -999.0 -999.0 -999.0 -999.0 -999.0 -999.0 -999.0 -999.0 -999.0 -999.0 -999.0 -999.0 -999.0 -999.0 -999.0 -999.0 -999.0 -999.0 -999.0 -999.0 -999.0 -999.0 -999.0 -999.0 -999.0 -999.0 -999.0 -999.0 -999.0
1015.9 1010.8 1005.9 1002.0 999.5 998.0 996.8 995.3 994.5 996.0 1003.0 1013.1 1025.1 1038.2 1051.7 1065.5 1080.0 1095.6 1112.7 1130.6 1149.0 1167.3 1184.5 1199.9 1213.7 1226.4 1239.3 1252.3 1262.2 1268.3 1269.9 1271.5 -999.0 -999.0 -999.0 -999.0 -999.0 -999.0 -999.0 -999.0 -999.0 -999.0 -999.0 -999.0 -999.0 -999.0 -999.0 -999.0 -999.0 -999.0 -999.0 -999.0 -999.0 -999.0 -999.0 -999.0 -999.0 -999.0 -999.0 -999.0 -999.0 -999.0 -999.0 -999.0 -999.0 -999.0 -999.0 -999.0 -999.0 -999.0 -999.0 -999.0 -999.0 -999.0 -999.0
1039.0 1033.9 1028.7 1024.3 1021.0 1018.6 1016.1 1012.8 1009.7 1008.5 1011.2 1017.7 1026.9 1037.5 1049.0 1061.2 1074.4 1089.1 1105.4 1122.7 1140.3 1157.5 1173.7 1188.9 1202.8 1215.7 1228.5 1241.9 1253.6 1261.2 1265.6 1268.3 -999.0 -999.0 -999.0 -999.0 -999.0 -999.0 -999.0 -999.0 -999.0 -999.0 -999.0 -999.0 -999.0 -999.0 -999.0 -999.0 -999.0 -999.0 -999.0 -999.0 -999.0 -999.0 -999.0 -999.0 -999.0 -999.0 -999.0 -999.0 -999.0 -999.0 -999.0 -999.0 -999.0 -999.0 -999.0 -999.0 -999.0 -999.0 -999.0 -999.0 -999.0 -999.0 -999.0
1062.3 1058.0 1053.2 1047.8 1043.8 1040.5 1036.9 1032.2 1027.4 1024.0 1022.9 1025.6 1031.6 1039.5 1048.8 1059.4 1071.3 1084.6 1100.1 1116.6 1133.6 1149.7 1165.2 1180.1 1194.2 1207.4 1220.5 1233.7 1246.1 1253.8 1259.6 1263.4 -999.0 -999.0 -999.0 -999.0 -999.0 -999.0 -999.0 -999.0 -999.0 -999.0 -999.0 -999.0 -999.0 -999.0 -999.0 -999.0 -999.0 -999.0 -999.0 -999.0 -999.0 -999.0 -999.0 -999.0 -999.0 -999.0 -999.0 -999.0 -999.0 -999.0 -999.0 -999.0 -999.0 -999.0 -999.0 -999.0 -999.0 -999.0 -999.0 -999.0 -999.0 -999.0 -999.0
1085.1 1081.3 1077.2 1072.6 1066.9 1062.6 1058.0 1052.3 1046.5 1041.5 1037.9 1036.9 1039.3 1044.7 1052.1 1061.1 1071.4 1083.2 1097.5 1112.6 1128.6 1143.9 1158.9 1173.5 1187.8 1201.1 1214.6 1228.0 1239.6 1247.6 1253.8 1257.9 -999.0 -999.0 -999.0 -999.0 -999.0 -999.0 -999.0 -999.0 -999.0 -999.0 -999.0 -999.0 -999.0 -999.0 -999.0 -999.0 -999.0 -999.0 -999.0 -999.0 -999.0 -999.0 -999.0 -999.0 -999.0 -999.0 -999.0 -999.0 -999.0 -999.0 -999.0 -999.0 -999.0 -999.0 -999.0 -999.0 -999.0 -999.0 -999.0 -999.0 -999.0 -999.0 -999.0
1107.1 1103.7 1099.4 1094.6 1088.1 1083.4 1078.3 1072.4 1066.2 1060.0 1054.5 1051.0 1050.4 1053.3 1059.3 1066.9 1075.8 1086.4 1098.8 1112.3 1126.6 1140.8 1154.5 1167.9 1182.0 1195.8 1209.7 1223.2 1234.7 1242.5 1248.3 1253.1 -999.0 -999.0 -999.0 -999.0 -999.0 -999.0 -999.0 -999.0 -999.0 -999.0 -999.0 -999.0 -999.0 -999.0 -999.0 -999.0 -999.0 -999.0 -999.0 -999.0 -999.0 -999.0 -999.0 -999.0 -999.0 -999.0 -999.0 -999.0 -999.0 -999.0 -999.0 -999.0 -999.0 -999.0 -999.0 -999.0 -999.0 -999.0 -999.0 -999.0 -999.0 -999.0 -999.0
1127.9 1124.5 1120.3 1114.1 1106.9 1101.9 1097.3 1092.0 1085.8 1078.9 1072.0 1066.5 1063.8 1064.5 1069.2 1075.9 1083.8 1093.1 1103.7 1115.5 1127.9 1140.3 1152.1 1163.9 1177.4 1191.2 1205.1 1218.2 1229.3 1237.3 1243.6 1249.6 1252.0 -999.0 -999.0 -999.0 -999.0 -999.0 -999.0 -999.0 -999.0 -999.0 -999.0 -999.0 -999.0 -999.0 -999.0 -999.0 -999.0 -999.0 -999.0 -999.0 -999.0 -999.0 -999.0 -999.0 -999.0 -999.0 -999.0 -999.0 -999.0 -999.0 -999.0 -999.0 -999.0 -999.0 -999.0 -999.0 -999.0 -999.0 -999.0 -999.0 -999.0 -999.0 -999.0
