MODFLOW/OUTPUT/head_3_ascii.asc
ncols         406
nrows         328
xllcorner     595500
yllcorner     4015200
cellsize      100
NODATA_VALUE -999.0
[rows 99 to 131 of 328, columns 75 to 149 of 406]
-999.0 -999.0 -999.0 -999.0 -999.0 -999.0 -999.0 -999.0 376.4 -999.0 -999.0 -999.0 398.2 404.7 406.8 411.7 417.8 425.0 429.9 436.7 440.0 439.4 434.8 425.7 419.7 411.1 405.6 392.8 381.1 368.8 352.3 332.2 319.9 313.1 306.8 300.6 292.9 284.4 284.9 292.5 300.0 306.1 314.3 320.5 325.7 338.4 358.9 376.2 390.4 401.6 407.6 410.7 410.9 409.2 405.4 401.9 399.0 389.9 376.7 361.8 348.7 334.7 315.4 289.7 266.8 257.7 243.3 219.8 201.7 186.1 171.1 155.2 133.7 141.6 140.5
-999.0 -999.0 -999.0 -999.0 -999.0 -999.0 -999.0 -999.0 -999.0 -999.0 -999.0 -999.0 -999.0 414.2 418.9 427.0 433.9 438.9 444.6 452.1 460.3 458.8 454.8 448.0 440.9 432.9 430.1 416.0 402.1 390.7 370.2 346.6 335.4 326.5 321.5 316.6 311.2 304.8 295.5 298.1 308.0 317.1 324.6 332.2 338.1 344.8 358.8 374.4 389.9 402.6 405.2 407.1 406.8 404.7 401.4 399.4 402.1 392.3 371.3 353.2 339.0 328.3 302.8 273.6 251.7 243.0 230.9 207.0 188.0 174.2 166.1 154.4 148.7 154.4 157.5
-999.0 -999.0 -999.0 -999.0 -999.0 -999.0 -999.0 -999.0 -999.0 -999.0 -999.0 -999.0 -999.0 -999.0 -999.0 440.9 447.0 451.2 458.0 465.7 478.0 477.9 472.4 468.9 463.3 456.5 447.4 437.3 422.7 411.9 395.3 368.9 348.9 340.5 335.8 332.2 326.5 318.3 305.2 298.2 314.9 326.5 335.5 343.9 350.1 357.0 367.2 377.9 389.9 399.1 403.6 405.4 404.2 401.1 396.0 390.7 388.0 383.4 360.7 340.8 325.8 310.4 285.1 257.7 237.4 226.1 218.0 197.7 176.8 167.4 163.2 160.2 166.6 171.5 177.2
-999.0 -999.0 -999.0 -999.0 -999.0 -999.0 -999.0 -999.0 -999.0 -999.0 -999.0 -999.0 -999.0 -999.0 -999.0 -999.0 456.6 461.6 468.7 475.2 482.3 490.4 486.2 485.3 483.7 476.5 469.1 460.3 448.7 435.7 422.0 396.6 366.8 353.8 349.6 349.9 346.5 333.7 321.2 317.2 322.6 334.1 345.4 353.9 361.2 367.3 374.3 382.8 391.6 399.6 404.0 405.3 403.0 398.0 390.2 379.0 367.3 356.3 332.8 315.6 302.1 290.1 267.3 241.1 224.1 211.8 205.0 192.4 181.5 171.9 173.6 172.4 187.8 198.7 204.3
-999.0 -999.0 -999.0 -999.0 -999.0 -999.0 -999.0 -999.0 -999.0 -999.0 -999.0 -999.0 -999.0 -999.0 -999.0 -999.0 -999.0 474.6 477.2 480.9 485.3 489.6 490.7 492.2 494.9 492.4 489.0 479.5 470.5 458.1 445.9 420.5 377.0 364.8 359.4 357.5 354.5 348.2 336.5 334.7 333.1 342.9 354.1 363.7 371.0 376.1 381.6 388.7 395.6 402.5 406.4 408.1 403.8 395.7 384.0 364.5 343.5 319.0 297.8 276.7 268.0 259.8 250.0 220.3 207.6 196.3 194.9 187.6 183.5 180.3 189.2 192.2 205.3 222.4 232.7
-999.0 -999.0 -999.0 -999.0 -999.0 -999.0 -999.0 -999.0 -999.0 -999.0 -999.0 -999.0 -999.0 -999.0 -999.0 -999.0 -999.0 479.6 481.8 484.3 488.2 492.1 495.0 498.8 506.4 507.9 513.8 496.5 484.6 474.7 461.7 433.4 394.6 375.2 371.4 367.9 366.3 364.0 354.3 350.6 345.6 350.5 361.8 371.9 380.0 384.6 389.3 395.3 400.7 405.7 410.1 415.5 405.8 393.9 376.1 350.5 322.5 298.2 271.5 236.3 227.5 235.0 227.3 216.6 203.4 178.7 191.9 197.3 207.7 206.9 212.6 218.9 227.6 242.1 253.7
-999.0 -999.0 -999.0 -999.0 -999.0 -999.0 -999.0 -999.0 -999.0 -999.0 -999.0 -999.0 -999.0 -999.0 -999.0 -999.0 -999.0 -999.0 484.8 487.0 490.7 494.9 497.8 501.6 505.9 509.5 516.1 503.7 495.4 486.0 471.6 443.5 423.5 393.9 385.2 382.0 380.5 380.0 372.2 367.5 364.8 364.2 372.8 380.9 387.4 393.4 398.3 401.7 404.7 407.6 410.9 415.1 405.5 391.0 370.4 341.6 308.7 282.9 264.8 242.2 233.4 232.8 229.9 230.7 223.4 214.5 220.3 226.8 234.1 235.0 238.5 244.8 253.3 261.9 276.9
-999.0 -999.0 -999.0 -999.0 -999.0 -999.0 -999.0 -999.0 -999.0 -999.0 -999.0 -999.0 -999.0 -999.0 -999.0 -999.0 -999.0 -999.0 -999.0 -999.0 -999.0 497.8 499.8 503.3 505.8 508.0 509.5 503.6 498.4 493.6 483.0 465.2 441.9 426.6 402.3 395.0 395.6 399.5 388.3 383.9 382.4 382.1 386.1 391.1 396.4 401.3 404.9 406.8 407.9 408.6 409.7 412.3 407.1 387.6 363.0 331.9 296.2 269.6 259.1 242.7 250.2 251.7 251.5 252.2 252.6 246.5 252.6 258.7 268.5 269.3 271.9 277.1 282.6 290.2 305.6
-999.0 -999.0 -999.0 -999.0 -999.0 -999.0 -999.0 -999.0 -999.0 -999.0 -999.0 -999.0 -999.0 -999.0 -999.0 -999.0 -999.0 -999.0 -999.0 -999.0 -999.0 -999.0 -999.0 505.1 506.1 507.0 506.7 503.9 500.1 497.1 493.5 465.7 454.6 438.4 419.7 405.0 404.1 402.9 399.9 398.3 398.4 399.6 400.1 402.3 405.0 408.4 410.1 410.8 410.2 408.8 406.6 403.3 397.4 377.7 354.3 323.6 293.1 271.6 272.3 274.4 278.0 277.1 278.2 280.5 286.4 286.2 286.4 290.3 299.8 297.2 300.4 309.1 314.4 321.4 338.7
-999.0 -999.0 -999.0 -999.0 -999.0 -999.0 -999.0 -999.0 -999.0 -999.0 -999.0 -999.0 -999.0 -999.0 -999.0 -999.0 -999.0 -999.0 -999.0 -999.0 -999.0 -999.0 -999.0 -999.0 -999.0 506.9 506.1 504.3 501.9 500.7 -999.0 464.0 458.2 451.9 445.9 418.0 413.2 412.3 411.0 411.3 412.2 414.5 412.9 412.8 413.3 414.4 414.8 414.4 412.6 409.3 404.3 396.7 384.9 363.8 344.0 318.4 291.4 274.8 282.8 304.7 309.5 313.9 314.1 315.3 322.5 335.9 324.2 318.2 319.1 320.1 340.7 336.2 342.5 346.6 357.6
-999.0 -999.0 -999.0 -999.0 -999.0 -999.0 -999.0 -999.0 -999.0 -999.0 -999.0 -999.0 -999.0 -999.0 -999.0 -999.0 -999.0 -999.0 -999.0 -999.0 -999.0 -999.0 -999.0 -999.0 -999.0 -999.0 -999.0 -999.0 -999.0 -999.0 -999.0 -999.0 459.1 456.1 453.5 444.0 436.9 435.1 426.0 425.1 424.2 424.4 423.5 422.4 421.3 420.1 419.2 418.4 415.6 410.4 403.6 394.1 375.2 346.3 326.1 306.3 285.1 277.6 288.5 308.4 330.1 349.6 355.2 357.8 363.5 375.6 369.1 358.8 356.1 359.3 383.5 376.7 366.9 372.1 381.3
-999.0 -999.0 -999.0 -999.0 -999.0 -999.0 -999.0 -999.0 -999.0 -999.0 -999.0 -999.0 -999.0 -999.0 -999.0 -999.0 -999.0 -999.0 -999.0 -999.0 -999.0 -999.0 -999.0 -999.0 -999.0 -999.0 -999.0 -999.0 -999.0 -999.0 -999.0 -999.0 -999.0 -999.0 458.1 458.7 457.8 454.8 444.9 439.6 437.1 434.8 432.9 430.8 428.3 425.4 423.5 423.6 420.2 412.3 404.4 394.8 369.8 330.8 306.1 288.2 267.2 282.0 303.1 324.3 348.2 375.3 380.9 390.5 397.8 402.5 401.5 399.0 398.1 402.5 420.0 410.0 393.2 396.6 404.3
-999.0 -999.0 -999.0 -999.0 -999.0 -999.0 -999.0 -999.0 -999.0 -999.0 -999.0 -999.0 -999.0 -999.0 -999.0 -999.0 -999.0 -999.0 -999.0 -999.0 -999.0 -999.0 -999.0 -999.0 -999.0 -999.0 -999.0 -999.0 -999.0 -999.0 -999.0 -999.0 -999.0 -999.0 -999.0 467.0 463.2 462.7 462.1 457.4 451.3 446.0 441.8 438.0 434.0 429.7 425.8 423.0 421.2 413.6 406.8 399.0 366.9 327.7 294.4 286.4 284.7 299.4 319.1 343.8 365.3 388.9 401.4 410.8 416.6 417.6 417.4 417.6 420.8 438.4 452.4 454.5 434.1 419.7 415.8
-999.0 -999.0 -999.0 -999.0 -999.0 -999.0 -999.0 -999.0 -999.0 -999.0 -999.0 -999.0 -999.0 -999.0 -999.0 -999.0 -999.0 -999.0 -999.0 -999.0 -999.0 -999.0 -999.0 -999.0 -999.0 -999.0 -999.0 -999.0 -999.0 -999.0 -999.0 -999.0 -999.0 -999.0 -999.0 467.5 467.3 468.3 470.3 472.8 467.8 459.0 449.8 443.5 438.3 432.8 426.8 421.1 415.2 406.8 396.9 383.3 357.3 325.3 295.3 291.6 299.6 314.5 336.9 362.4 384.3 403.5 417.2 427.3 434.5 431.6 434.7 441.7 450.4 462.1 466.5 467.8 465.3 460.6 443.8
-999.0 -999.0 -999.0 -999.0 -999.0 -999.0 -999.0 -999.0 -999.0 -999.0 -999.0 -999.0 -999.0 -999.0 -999.0 -999.0 -999.0 -999.0 -999.0 -999.0 -999.0 -999.0 -999.0 -999.0 -999.0 -999.0 -999.0 -999.0 -999.0 -999.0 -999.0 -999.0 -999.0 -999.0 -999.0 -999.0 471.0 472.6 476.6 487.8 481.3 470.6 456.4 447.5 441.4 434.2 426.7 419.4 410.7 400.6 388.3 372.4 350.9 326.4 305.6 298.2 311.8 329.7 355.2 379.0 395.0 408.6 420.5 428.5 435.4 440.1 446.8 457.4 469.3 476.7 477.1 477.5 478.3 480.8 479.2
-999.0 -999.0 -999.0 -999.0 -999.0 -999.0 -999.0 -999.0 -999.0 -999.0 -999.0 -999.0 -999.0 -999.0 -999.0 -999.0 -999.0 -999.0 -999.0 -999.0 -999.0 -999.0 -999.0 -999.0 -999.0 -999.0 -999.0 -999.0 -999.0 -999.0 -999.0 -999.0 -999.0 -999.0 -999.0 -999.0 -999.0 470.4 472.7 476.4 472.7 467.2 456.9 449.0 443.8 434.4 425.7 417.3 406.8 395.7 382.7 365.3 342.7 323.0 308.3 303.0 320.1 343.7 369.1 390.3 402.4 413.8 427.2 431.9 439.0 447.7 460.1 473.2 483.0 487.9 485.6 485.1 486.9 489.7 492.5
-999.0 -999.0 -999.0 -999.0 -999.0 -999.0 -999.0 -999.0 -999.0 -999.0 -999.0 -999.0 -999.0 -999.0 -999.0 -999.0 -999.0 -999.0 -999.0 -999.0 -999.0 -999.0 -999.0 -999.0 -999.0 -999.0 -999.0 -999.0 -999.0 -999.0 -999.0 -999.0 -999.0 -999.0 -999.0 -999.0 -999.0 463.5 464.2 464.5 462.7 460.9 454.4 445.7 438.3 431.4 423.5 415.0 404.3 392.8 378.9 357.7 335.9 316.1 302.6 305.6 325.0 349.1 375.6 389.9 401.4 414.0 426.5 433.3 442.4 453.0 468.3 486.9 495.1 500.2 492.1 490.4 492.5 496.9 502.8
-999.0 -999.0 -999.0 -999.0 -999.0 -999.0 -999.0 -999.0 -999.0 -999.0 -999.0 -999.0 -999.0 -999.0 -999.0 -999.0 -999.0 -999.0 -999.0 -999.0 -999.0 -999.0 -999.0 -999.0 -999.0 -999.0 -999.0 -999.0 -999.0 -999.0 -999.0 -999.0 -999.0 -999.0 -999.0 -999.0 -999.0 456.6 456.9 456.6 455.4 452.4 447.4 440.7 433.9 427.9 420.9 412.9 402.9 391.0 373.8 352.5 332.3 310.9 291.2 309.2 327.0 346.1 365.3 382.7 398.7 412.6 423.8 433.1 443.3 454.9 469.4 482.1 486.8 490.8 490.9 491.8 495.8 502.7 510.5
-999.0 -999.0 -999.0 -999.0 -999.0 -999.0 -999.0 -999.0 -999.0 -999.0 -999.0 -999.0 -999.0 -999.0 -999.0 -999.0 -999.0 -999.0 -999.0 -999.0 -999.0 -999.0 -999.0 -999.0 -999.0 -999.0 -999.0 -999.0 -999.0 -999.0 -999.0 -999.0 -999.0 -999.0 -999.0 -999.0 446.3 448.6 449.5 449.3 447.9 445.3 441.3 435.8 429.0 424.3 418.3 411.1 401.3 388.4 372.8 352.6 333.1 316.2 301.8 325.7 341.9 358.3 371.1 379.5 398.1 411.0 421.9 431.9 442.6 455.3 469.7 475.3 478.9 482.9 488.6 489.4 496.6 506.4 516.9
-999.0 -999.0 -999.0 -999.0 -999.0 -999.0 -999.0 -999.0 -999.0 -999.0 -999.0 -999.0 -999.0 -999.0 -999.0 -999.0 -999.0 -999.0 -999.0 -999.0 -999.0 -999.0 -999.0 -999.0 -999.0 -999.0 -999.0 -999.0 -999.0 -999.0 -999.0 -999.0 -999.0 -999.0 -999.0 441.8 442.8 443.4 443.6 443.2 441.8 439.3 435.5 430.5 424.8 421.0 416.2 409.4 399.6 386.9 371.9 353.6 335.0 328.6 333.0 347.8 359.9 371.7 385.2 392.4 402.1 411.0 419.6 428.9 439.8 452.2 460.0 466.0 470.4 473.9 479.6 482.0 493.8 502.9 511.2
-999.0 -999.0 -999.0 -999.0 -999.0 -999.0 -999.0 -999.0 -999.0 -999.0 -999.0 -999.0 -999.0 -999.0 -999.0 -999.0 -999.0 -999.0 -999.0 -999.0 -999.0 -999.0 -999.0 -999.0 -999.0 -999.0 -999.0 -999.0 -999.0 -999.0 -999.0 -999.0 -999.0 -999.0 -999.0 439.9 439.8 439.5 438.8 437.7 436.7 434.2 430.8 426.2 421.0 418.1 414.0 407.8 398.7 387.6 373.0 358.4 344.4 345.9 354.2 364.8 373.6 382.4 392.8 402.3 406.9 411.0 415.2 424.5 433.8 443.2 449.9 458.0 462.6 469.5 479.1 485.9 493.9 500.4 507.0
-999.0 -999.0 -999.0 -999.0 -999.0 -999.0 -999.0 -999.0 -999.0 -999.0 -999.0 -999.0 -999.0 -999.0 -999.0 -999.0 -999.0 -999.0 -999.0 -999.0 -999.0 -999.0 -999.0 -999.0 -999.0 -999.0 -999.0 -999.0 -999.0 -999.0 -999.0 -999.0 -999.0 -999.0 -999.0 437.5 437.0 435.7 434.0 432.4 431.0 428.9 426.2 422.6 417.8 415.3 411.9 406.4 398.2 388.2 374.6 364.2 356.5 362.7 371.6 378.2 384.4 391.2 399.1 406.0 411.0 411.5 408.3 422.6 432.1 439.8 444.9 452.4 461.2 472.0 481.4 489.0 494.7 499.3 502.9
-999.0 -999.0 -999.0 -999.0 -999.0 -999.0 -999.0 -999.0 -999.0 -999.0 -999.0 -999.0 -999.0 -999.0 -999.0 -999.0 -999.0 -999.0 -999.0 -999.0 -999.0 -999.0 -999.0 -999.0 -999.0 -999.0 -999.0 -999.0 -999.0 -999.0 -999.0 -999.0 -999.0 434.9 434.9 435.2 434.3 432.2 428.9 427.1 425.9 424.4 422.1 419.1 415.2 413.2 410.1 405.4 398.7 390.4 382.5 376.4 371.0 375.7 384.2 388.5 393.5 398.9 404.9 410.3 414.3 416.0 417.8 424.2 431.1 438.1 445.2 455.8 467.2 477.3 486.8 494.7 497.1 498.5 499.5
-999.0 -999.0 -999.0 -999.0 -999.0 -999.0 -999.0 -999.0 -999.0 -999.0 -999.0 -999.0 -999.0 -999.0 -999.0 -999.0 -999.0 -999.0 -999.0 -999.0 -999.0 -999.0 -999.0 -999.0 -999.0 -999.0 -999.0 -999.0 456.9 452.5 445.8 436.8 434.0 434.0 433.5 433.2 432.2 429.6 425.5 423.0 421.2 420.1 418.3 416.1 413.2 411.4 408.8 404.9 399.0 394.1 391.1 389.8 388.5 390.8 394.3 396.8 400.3 404.7 409.9 414.9 419.1 422.5 426.2 432.1 438.5 445.8 452.9 462.2 473.2 482.9 491.9 502.9 499.1 497.9 497.0
-999.0 -999.0 -999.0 -999.0 -999.0 -999.0 -999.0 -999.0 -999.0 -999.0 -999.0 -999.0 -999.0 -999.0 -999.0 -999.0 -999.0 -999.0 -999.0 -999.0 -999.0 -999.0 -999.0 -999.0 -999.0 473.4 470.5 466.3 460.4 454.9 447.8 440.3 434.9 433.0 431.6 431.0 430.3 427.6 423.4 420.0 417.9 416.2 414.0 413.5 411.4 409.9 408.0 404.6 398.1 398.1 397.2 398.3 400.1 401.9 402.1 403.3 405.6 408.8 413.5 419.0 423.8 428.2 432.7 438.3 445.4 452.5 459.6 467.7 476.7 485.5 492.4 499.9 497.9 496.6 495.1
-999.0 -999.0 -999.0 -999.0 -999.0 -999.0 -999.0 -999.0 -999.0 -999.0 -999.0 -999.0 -999.0 -999.0 -999.0 -999.0 -999.0 -999.0 -999.0 -999.0 -999.0 -999.0 -999.0 -999.0 -999.0 475.7 472.2 468.1 462.6 458.0 451.2 442.6 431.9 431.6 429.5 427.3 425.5 422.9 419.8 417.4 415.7 414.3 412.8 411.6 410.2 409.2 408.1 406.1 402.9 402.0 402.4 405.8 409.1 412.5 409.6 408.3 408.9 410.5 415.9 422.2 427.9 433.2 438.7 444.2 451.4 459.6 466.6 473.6 480.4 487.2 491.6 495.4 495.6 494.9 493.3
-999.0 -999.0 -999.0 -999.0 -999.0 -999.0 -999.0 -999.0 -999.0 -999.0 -999.0 -999.0 -999.0 -999.0 -999.0 -999.0 -999.0 -999.0 -999.0 -999.0 -999.0 -999.0 -999.0 -999.0 483.4 479.3 475.1 470.5 465.8 460.5 454.0 446.1 438.4 433.0 428.7 425.6 423.4 420.6 417.7 416.3 415.1 413.8 412.2 410.8 409.5 408.4 408.7 409.1 409.1 409.9 411.3 413.7 416.7 419.6 417.6 416.1 414.8 410.7 418.3 425.4 431.8 437.6 443.5 450.1 458.5 467.0 473.4 478.2 482.6 487.3 490.8 493.1 493.7 492.7 490.6
-999.0 -999.0 -999.0 -999.0 -999.0 -999.0 -999.0 -999.0 -999.0 -999.0 -999.0 -999.0 -999.0 -999.0 -999.0 -999.0 -999.0 -999.0 -999.0 -999.0 -999.0 -999.0 499.7 492.9 485.8 481.1 477.3 473.6 468.8 463.7 457.6 450.2 442.6 436.0 428.6 424.3 423.3 420.6 416.0 416.6 415.6 414.0 411.9 410.1 408.7 405.5 409.1 411.4 413.3 415.4 417.7 420.1 423.4 427.2 425.3 424.2 423.4 422.8 424.5 429.0 434.6 440.3 447.3 455.5 464.5 473.7 478.7 481.0 483.6 486.7 489.7 491.7 492.0 491.0 488.3
-999.0 -999.0 -999.0 -999.0 -999.0 -999.0 -999.0 -999.0 -999.0 -999.0 -999.0 -999.0 -999.0 -999.0 -999.0 -999.0 -999.0 -999.0 -999.0 -999.0 513.9 509.3 502.5 494.3 488.0 482.4 478.3 475.6 473.0 467.6 461.1 453.6 446.3 439.7 433.6 429.1 426.0 422.8 419.3 417.7 416.0 413.8 411.7 409.5 408.6 408.6 410.6 413.7 416.6 419.4 422.2 425.3 429.1 434.6 432.1 431.4 431.1 431.3 432.2 436.4 441.1 445.0 450.2 458.6 468.4 481.2 484.2 482.8 484.1 486.3 488.5 490.2 490.4 488.9 486.0
-999.0 -999.0 -999.0 -999.0 -999.0 -999.0 -999.0 -999.0 -999.0 -999.0 -999.0 -999.0 -999.0 -999.0 -999.0 -999.0 -999.0 -999.0 -999.0 -999.0 515.9 510.4 502.8 493.4 487.1 482.5 478.7 476.7 477.8 471.8 465.1 456.1 448.6 442.2 436.6 432.0 428.1 424.3 420.1 418.0 416.1 414.2 411.9 407.3 409.5 409.0 412.1 416.0 419.3 422.4 425.5 428.7 432.3 435.2 436.0 436.8 437.5 438.6 440.2 444.3 448.0 450.9 454.2 459.8 467.8 475.9 479.7 481.5 483.4 485.4 487.1 488.3 488.3 486.9 484.3
-999.0 -999.0 -999.0 -999.0 -999.0 -999.0 -999.0 -999.0 -999.0 -999.0 -999.0 -999.0 585.6 584.5 -999.0 -999.0 -999.0 553.0 544.9 533.4 521.1 511.9 501.9 489.6 484.4 480.3 476.8 474.2 472.1 467.9 463.0 456.1 449.3 443.1 437.8 433.3 429.3 425.5 421.5 419.3 417.4 415.8 414.2 412.7 412.4 412.7 415.2 418.2 421.4 424.9 428.3 431.6 434.9 437.4 439.4 441.2 443.1 445.3 448.3 450.2 452.9 455.7 458.8 461.7 466.2 473.1 476.9 479.6 482.1 484.2 485.9 487.0 487.2 486.2 483.9
-999.0 -999.0 -999.0 -999.0 -999.0 -999.0 -999.0 -999.0 -999.0 -999.0 -999.0 587.8 585.6 582.9 579.6 577.7 569.8 558.3 546.9 534.8 523.1 512.8 498.8 481.2 480.6 477.1 473.2 469.9 467.0 463.7 459.0 453.3 447.7 442.6 437.8 433.5 429.6 426.1 423.7 421.9 419.8 418.2 416.8 415.4 414.7 415.2 418.1 421.0 423.9 427.2 430.6 433.9 437.1 440.2 442.5 445.0 447.5 449.9 452.1 454.3 456.7 459.3 462.0 464.2 466.2 471.0 474.9 477.9 480.9 483.2 484.9 486.1 486.6 486.5 485.2
-999.0 -999.0 -999.0 -999.0 -999.0 -999.0 -999.0 -999.0 -999.0 -999.0 -999.0 589.9 586.2 582.1 577.9 573.8 566.7 557.1 547.3 537.5 526.9 518.0 499.4 486.9 479.6 473.8 468.6 464.7 462.3 459.2 455.3 450.6 445.2 440.6 436.5 432.6 428.7 427.6 427.4 426.0 423.5 421.4 419.5 418.0 417.1 417.3 420.0 423.1 426.3 429.6 432.9 436.0 439.1 442.5 445.7 448.5 450.9 453.2 455.4 457.7 460.0 462.3 464.4 466.1 466.9 469.1 473.3 476.1 479.8 482.4 484.1 485.2 486.2 487.3 489.8
