MODFLOW/OUTPUT/head_3_ascii.asc
ncols         406
nrows         328
xllcorner     595500
yllcorner     4015200
cellsize      100
NODATA_VALUE -999.0
[rows 132 to 164 of 328, columns 75 to 149 of 406]
-999.0 -999.0 -999.0 -999.0 -999.0 -999.0 -999.0 -999.0 -999.0 -999.0 602.7 592.2 587.3 581.9 576.9 571.7 565.0 556.5 547.9 539.4 529.0 515.1 500.0 489.9 480.7 473.9 467.9 462.1 458.2 454.7 451.9 447.9 443.1 439.3 436.0 432.7 426.6 430.5 431.4 430.5 428.2 425.0 422.4 420.6 419.4 419.1 420.9 424.4 427.9 431.3 434.5 437.9 441.4 444.5 447.7 450.8 453.5 456.0 458.3 460.8 462.8 464.8 466.7 468.2 469.3 470.0 472.4 476.2 479.6 482.1 483.5 484.2 484.8 486.0 489.4
-999.0 -999.0 -999.0 -999.0 -999.0 -999.0 -999.0 640.0 616.8 609.9 603.4 593.7 587.3 581.4 575.3 570.0 563.7 556.3 548.2 540.3 528.5 513.2 499.2 489.3 479.7 473.1 467.3 461.6 456.8 452.2 448.8 445.3 442.2 439.4 436.3 436.4 435.4 436.6 436.8 435.4 432.9 429.3 426.0 423.7 422.0 420.8 419.6 425.0 428.9 432.5 435.9 439.2 442.7 445.7 448.9 451.9 455.1 458.2 461.1 463.6 465.5 467.2 468.8 470.4 471.6 472.6 473.6 476.2 479.7 482.4 483.0 482.6 482.1 481.5 479.9
-999.0 -999.0 -999.0 -999.0 -999.0 -999.0 652.5 644.0 616.5 609.4 603.5 596.0 586.8 578.5 570.5 565.6 561.5 557.5 549.9 539.8 518.7 504.7 494.5 486.9 478.5 471.3 464.9 459.7 455.2 451.1 447.9 444.7 443.2 441.0 434.0 440.9 443.0 443.8 443.0 441.3 438.5 435.1 431.5 427.7 425.2 423.8 423.5 426.5 429.8 433.2 436.6 440.0 443.3 446.2 449.3 452.3 455.7 459.4 463.1 466.2 467.7 469.3 470.8 472.2 473.4 474.8 476.1 477.5 480.3 482.5 482.9 480.9 479.0 476.3 472.5
-999.0 -999.0 -999.0 -999.0 -999.0 664.4 656.5 645.8 620.6 610.3 603.3 599.5 586.4 573.7 563.9 558.9 554.2 549.3 543.3 533.7 510.4 498.9 491.1 484.5 477.2 468.5 461.3 456.7 452.8 450.6 448.8 445.3 448.1 449.7 447.4 449.7 451.2 451.1 449.8 447.8 444.6 440.9 436.6 431.8 428.6 426.5 425.7 426.8 430.0 433.2 436.6 440.0 443.3 446.3 448.9 451.4 455.5 460.1 464.8 469.1 469.3 470.4 471.6 473.2 474.9 476.4 478.1 479.5 480.8 481.2 480.5 478.5 475.5 471.3 465.6
-999.0 -999.0 -999.0 681.4 676.4 667.9 652.1 641.5 625.7 612.8 601.8 592.0 578.3 564.1 553.2 549.9 545.1 538.5 531.2 519.1 504.2 495.8 488.9 484.5 475.6 465.0 454.8 452.6 450.4 451.3 453.0 453.8 456.0 457.1 456.5 459.2 459.8 458.5 456.8 455.2 452.1 447.3 441.3 436.6 432.7 429.4 427.9 427.8 429.3 432.2 435.9 439.5 442.8 445.8 448.3 449.2 455.7 460.8 465.1 469.5 469.7 470.5 471.7 473.2 474.9 476.7 479.2 482.8 481.8 480.2 478.7 476.5 472.7 467.2 459.8
-999.0 -999.0 -999.0 681.8 676.9 664.1 657.5 643.2 628.6 612.4 599.5 587.2 573.4 557.4 542.0 541.7 536.2 528.8 520.4 512.1 499.9 490.9 484.7 479.9 472.5 462.9 455.5 452.1 445.8 453.9 457.9 460.7 464.0 465.4 465.9 469.3 469.2 467.0 465.7 463.2 459.2 453.5 447.6 443.5 438.3 433.1 430.6 429.6 430.1 432.6 437.1 441.2 444.5 447.5 450.2 453.0 457.1 461.1 464.7 467.7 469.0 469.9 471.0 472.3 473.6 475.1 477.1 479.2 479.2 478.2 476.6 474.2 470.2 463.9 456.7
-999.0 -999.0 -999.0 682.5 674.2 666.8 668.0 647.9 629.5 611.0 595.5 581.8 567.0 550.1 525.3 524.5 528.8 519.8 513.2 505.0 496.0 487.1 479.6 474.1 466.4 459.1 457.0 457.0 457.0 461.9 466.0 469.4 472.5 474.7 476.0 479.6 479.6 478.1 475.0 471.5 466.8 461.4 456.5 450.4 444.7 438.2 434.2 432.1 431.9 434.7 438.6 442.6 446.1 449.2 451.9 454.7 457.8 461.0 463.8 466.3 467.8 468.6 469.4 470.5 471.6 473.1 474.7 476.2 476.7 476.1 474.6 472.3 468.5 462.4 455.6
-999.0 -999.0 -999.0 684.1 678.5 665.9 660.3 642.3 625.1 606.5 589.2 575.8 561.9 547.4 527.3 505.5 509.1 509.7 506.0 498.3 491.1 484.6 472.7 469.4 464.6 455.3 460.9 460.3 462.7 467.9 473.6 479.7 482.7 485.8 488.2 491.1 490.6 488.7 483.6 479.4 475.5 470.2 464.6 458.3 452.0 445.0 439.4 436.2 434.3 435.2 439.7 443.5 446.9 450.2 453.2 455.8 458.2 460.6 462.7 464.6 465.9 466.7 467.3 468.3 469.0 470.5 472.2 473.5 474.3 474.0 472.8 470.6 467.2 462.0 455.7
-999.0 -999.0 -999.0 686.9 679.8 670.0 657.7 637.0 620.0 600.9 584.3 570.2 556.2 542.1 525.0 510.5 504.7 504.0 500.3 494.0 485.7 476.1 464.0 471.4 472.9 474.0 480.6 469.9 464.3 473.7 480.9 487.3 494.1 497.2 501.2 504.1 502.0 498.8 492.9 488.4 485.4 479.3 471.9 465.1 460.2 455.3 447.0 441.3 437.7 437.7 440.8 443.9 447.2 450.6 453.7 456.3 458.3 460.0 461.2 462.1 462.9 463.6 464.3 464.7 464.9 467.4 469.6 471.4 472.5 472.0 470.6 468.6 465.8 461.7 456.9
715.4 711.4 703.8 691.8 680.4 663.0 656.5 627.1 611.1 593.1 576.3 562.5 549.4 536.6 517.9 506.0 502.5 500.3 496.7 492.3 485.8 471.8 476.8 480.6 483.7 485.6 484.4 476.5 468.6 482.0 491.3 500.8 509.2 510.2 513.5 517.7 513.3 508.0 500.7 495.8 493.8 487.4 478.6 470.6 464.6 458.9 451.9 446.3 441.7 440.3 441.1 443.0 447.2 450.9 454.0 456.4 458.0 458.8 459.1 459.1 459.1 459.4 459.8 460.4 461.2 463.9 467.0 469.9 471.7 469.8 468.6 467.1 464.8 461.1 457.6
707.9 707.2 705.9 692.3 675.4 645.5 633.0 622.1 601.6 584.0 570.2 555.2 540.5 522.5 513.1 501.0 507.1 507.4 503.6 500.9 498.9 494.8 493.5 494.3 497.0 495.9 492.9 487.6 488.2 495.0 503.0 510.5 517.8 523.8 526.3 532.3 523.4 516.3 507.4 501.9 497.9 493.0 485.0 476.4 469.9 463.0 455.9 449.7 444.7 442.6 442.2 440.9 447.3 451.4 454.3 456.4 457.4 457.6 457.0 456.1 455.2 454.7 454.9 455.1 457.1 460.2 463.4 466.2 467.2 466.7 466.3 465.7 463.9 460.6 458.1
706.9 705.5 699.1 684.3 671.9 645.3 631.0 620.9 602.7 582.4 565.6 550.6 535.9 520.8 519.7 517.7 519.9 521.7 520.1 515.8 514.9 514.3 514.8 513.9 508.7 505.5 502.2 498.2 503.8 512.3 520.3 525.4 531.4 533.4 531.0 531.7 528.4 523.5 514.2 508.0 503.1 498.7 492.1 483.2 474.5 466.4 458.9 452.5 447.6 445.7 445.2 445.6 449.2 452.4 454.9 456.4 456.8 456.3 454.9 452.9 450.7 449.6 449.7 450.8 453.6 456.1 458.4 460.9 462.6 462.7 462.9 463.4 464.2 459.9 457.3
706.6 708.5 696.2 682.2 668.6 645.9 630.0 619.1 604.9 583.6 563.9 546.2 530.9 514.7 528.4 533.4 535.9 536.4 535.9 533.0 531.5 531.0 533.2 534.0 522.9 516.9 512.1 508.5 516.2 526.4 535.8 546.8 558.4 557.5 540.3 535.8 534.0 532.6 523.3 515.6 510.1 504.4 496.0 487.8 479.2 470.5 461.4 453.6 450.2 448.9 448.0 448.3 450.8 453.6 455.6 456.6 456.4 455.2 453.0 449.8 447.4 446.3 446.2 447.2 449.8 451.7 453.1 454.1 454.5 455.6 456.9 459.2 467.6 458.8 455.8
701.0 699.2 687.1 681.4 664.6 645.0 628.6 621.6 602.7 582.5 562.7 541.2 537.1 537.3 543.8 549.3 550.4 550.7 552.7 549.2 548.0 547.8 548.8 550.0 541.7 529.9 521.1 519.0 526.1 537.2 548.7 559.4 568.1 578.0 574.1 563.3 566.0 548.6 539.0 529.3 516.9 508.5 499.9 491.3 482.6 473.6 462.5 450.6 452.9 452.2 451.1 450.6 451.6 454.8 456.5 457.0 456.4 454.5 451.7 447.8 445.3 443.9 443.3 443.9 446.0 447.3 448.0 448.1 447.7 447.1 447.0 448.0 449.3 450.1 450.5
695.2 685.6 671.2 660.2 650.6 636.5 623.1 611.5 594.5 579.6 565.1 550.9 548.1 554.4 559.9 564.0 564.8 563.0 563.2 564.1 564.8 566.8 567.8 563.9 555.2 543.3 524.0 531.1 542.7 550.5 561.7 571.9 577.0 581.3 586.2 585.7 568.7 555.1 545.7 536.7 524.1 512.5 502.9 494.8 485.8 476.3 464.4 461.6 459.9 457.5 455.1 453.8 454.1 456.6 457.8 457.8 456.7 454.3 451.0 446.8 443.9 442.0 440.9 440.7 442.3 443.1 443.0 442.2 441.4 440.4 438.8 437.6 438.2 441.0 442.7
692.8 678.2 661.2 647.1 638.2 625.7 613.9 602.5 585.0 573.6 566.4 561.2 566.2 572.9 578.3 582.6 582.1 578.5 578.0 580.1 584.0 585.7 581.3 574.1 565.8 558.1 550.6 557.5 565.3 573.1 581.9 589.0 587.4 587.3 600.4 587.1 576.2 562.9 551.5 541.1 529.2 516.4 504.4 497.8 489.2 480.6 474.0 472.7 469.0 464.7 460.0 457.7 457.3 459.0 459.5 459.0 457.3 454.5 450.9 446.4 442.9 440.5 438.4 436.8 438.8 439.0 438.2 436.5 435.4 433.5 430.7 426.6 427.7 430.9 432.6
697.5 681.9 663.3 644.3 629.8 615.9 606.4 598.3 587.6 578.4 579.5 575.6 579.5 590.0 599.2 605.4 605.5 602.3 600.0 600.0 598.7 597.0 590.8 582.8 573.6 569.7 568.4 577.5 589.8 599.5 599.6 599.5 598.2 601.0 603.9 593.7 582.4 570.5 558.1 546.1 533.1 518.4 513.2 510.2 501.5 494.0 487.6 483.1 478.1 471.9 465.2 461.9 461.7 462.0 461.7 460.4 458.2 455.0 450.9 446.1 442.2 439.7 437.0 436.2 435.9 434.8 434.1 429.9 429.8 427.4 423.6 418.5 419.3 420.8 422.7
713.2 700.6 680.4 657.7 638.1 620.1 619.1 615.5 605.1 601.6 600.8 600.4 599.1 607.1 614.7 619.4 620.9 619.5 614.1 610.3 609.2 609.4 599.8 590.5 585.7 588.4 591.0 597.8 610.4 624.8 620.7 618.2 616.5 622.9 608.8 599.9 591.0 577.7 565.3 551.5 538.1 528.5 524.5 520.5 514.6 507.1 500.1 493.4 487.2 479.1 471.6 466.2 464.7 465.2 464.3 462.4 459.5 455.6 451.1 445.8 441.6 439.0 435.7 438.1 437.8 434.6 432.4 429.1 425.9 421.7 417.1 411.1 408.8 410.8 415.3
737.0 722.8 697.0 671.2 655.8 642.5 636.7 631.5 621.8 623.6 624.4 624.3 626.2 635.3 637.5 639.2 638.6 637.7 627.6 622.8 620.4 618.3 613.5 606.5 599.7 605.2 612.1 618.1 626.3 638.5 637.2 636.6 635.8 627.0 614.2 607.0 600.5 585.4 571.3 557.6 547.3 542.0 536.8 532.0 526.3 518.2 509.2 501.5 494.3 487.0 479.2 471.4 468.1 468.4 467.6 465.1 461.2 456.6 451.3 445.8 442.1 440.8 441.5 442.9 442.6 440.6 437.5 432.9 427.6 420.1 414.6 405.0 392.6 399.0 406.1
745.4 725.6 703.5 681.7 669.3 660.2 656.7 653.0 651.0 648.4 648.0 651.9 654.8 662.8 667.2 666.7 665.2 663.8 649.0 644.3 640.2 636.8 629.9 621.9 615.0 622.4 630.6 637.7 642.0 645.6 646.7 647.3 645.6 636.4 623.3 615.1 610.7 596.9 583.4 572.5 562.7 556.8 550.1 545.5 539.1 529.8 520.4 512.5 503.8 494.8 486.3 478.3 472.4 471.6 470.4 468.0 463.7 457.7 451.5 445.4 443.0 443.3 445.5 447.3 447.9 447.0 444.1 437.1 429.9 421.7 414.9 407.2 398.0 387.1 398.6
737.1 724.9 707.4 689.8 682.1 675.6 672.8 675.6 679.4 676.1 675.3 681.2 693.3 695.3 695.9 696.3 697.0 693.4 676.8 668.3 663.6 654.9 647.0 639.0 631.0 640.6 652.1 658.8 659.9 659.6 659.0 658.8 658.7 653.8 633.5 623.3 617.8 608.0 596.8 587.9 580.5 575.3 566.0 561.3 556.6 544.8 535.6 525.8 515.3 504.3 495.2 485.9 477.8 474.2 473.1 470.7 466.2 459.3 451.6 440.8 444.1 446.0 449.2 451.7 453.2 453.3 452.4 444.9 439.5 432.2 424.0 417.7 408.2 399.0 397.1
735.2 728.5 713.1 694.7 691.1 686.7 684.4 689.2 697.8 693.3 696.9 705.3 714.1 721.1 721.3 721.2 719.9 715.9 706.7 688.0 675.4 668.4 661.8 654.6 647.5 656.2 668.6 676.4 679.4 678.5 675.6 672.9 671.6 668.2 645.3 638.9 634.8 627.3 617.9 607.6 603.8 597.9 586.4 581.0 572.3 561.5 552.3 542.3 531.2 517.3 505.6 494.4 484.7 475.1 475.8 473.5 468.9 462.0 454.6 446.6 447.6 449.4 453.1 456.6 458.5 459.0 457.8 454.1 450.3 444.5 437.4 430.6 421.6 411.4 399.6
745.5 741.6 -999.0 713.3 711.1 693.5 693.3 696.1 700.1 702.9 714.2 724.1 733.3 742.4 742.9 741.1 739.4 739.5 731.7 702.6 692.8 686.1 679.1 669.8 663.9 673.6 685.2 693.1 692.8 693.8 693.5 690.6 686.1 685.2 674.6 664.0 654.5 646.0 637.7 628.2 620.6 613.2 603.1 592.9 582.3 571.4 562.0 552.0 542.4 531.5 517.5 504.7 493.2 484.7 480.6 476.7 471.7 465.1 458.2 449.8 451.3 453.3 457.1 461.2 464.0 465.4 465.7 463.3 460.3 456.6 452.2 446.9 436.9 424.4 410.2
-999.0 -999.0 -999.0 -999.0 -999.0 715.7 715.9 706.2 707.0 713.8 725.9 740.3 751.4 768.8 765.9 757.3 752.4 748.9 735.8 719.0 708.8 700.4 693.5 681.9 678.2 688.8 698.2 703.0 704.4 704.9 704.3 703.1 700.7 692.6 684.6 676.4 666.2 656.4 647.9 639.3 630.6 622.4 612.9 601.1 588.8 577.9 568.8 558.3 548.8 538.8 524.9 511.6 499.2 491.6 485.2 480.1 475.1 469.1 463.2 457.9 456.1 457.2 460.1 465.6 469.9 472.6 474.3 472.5 470.4 468.0 465.9 465.6 455.1 436.9 416.4
-999.0 -999.0 -999.0 -999.0 -999.0 -999.0 724.7 727.4 725.2 732.2 743.3 752.8 759.8 769.4 777.0 766.7 761.1 755.4 743.0 733.5 725.8 716.7 707.2 695.5 691.7 707.0 715.0 717.8 717.1 716.8 715.5 713.8 711.8 705.0 693.9 685.1 675.0 664.9 655.5 646.9 638.1 629.5 620.0 606.9 592.9 581.6 575.4 566.4 554.5 543.4 530.4 516.3 498.3 495.0 488.7 482.3 476.6 471.2 466.7 462.4 460.8 461.7 464.5 470.9 476.0 480.1 482.9 482.1 480.2 478.5 476.6 475.9 463.7 449.2 435.0
-999.0 -999.0 -999.0 -999.0 -999.0 -999.0 -999.0 732.5 733.7 735.3 -999.0 759.2 767.2 770.3 773.2 769.1 766.9 766.8 755.8 753.5 747.8 736.2 724.7 714.6 718.1 729.6 736.1 736.6 733.8 730.4 727.6 724.1 721.1 712.4 701.5 692.9 682.9 671.4 662.3 652.9 644.6 636.1 626.2 613.4 599.4 583.8 592.1 580.0 569.2 555.5 542.9 527.0 508.9 499.1 490.9 482.8 476.6 471.5 468.3 466.5 465.3 468.1 468.1 476.8 483.2 488.5 492.0 491.4 490.0 487.8 484.5 480.9 472.8 462.6 450.7
-999.0 -999.0 -999.0 -999.0 -999.0 -999.0 -999.0 -999.0 -999.0 -999.0 -999.0 -999.0 768.8 771.7 773.1 772.2 775.9 779.6 774.6 770.4 767.4 754.5 740.5 734.9 742.7 751.4 759.1 756.7 752.3 746.1 741.8 737.1 730.9 720.9 710.4 699.5 690.3 675.1 668.0 661.5 657.8 650.0 639.7 632.2 623.2 614.5 608.4 597.1 584.3 570.4 559.0 546.2 530.5 515.2 501.8 485.5 477.8 471.9 471.7 473.2 475.4 478.2 480.2 485.6 492.0 498.9 502.6 502.8 500.4 497.7 494.8 490.9 485.7 478.0 468.5
-999.0 -999.0 -999.0 -999.0 -999.0 -999.0 -999.0 -999.0 -999.0 -999.0 -999.0 -999.0 -999.0 -999.0 -999.0 782.5 784.9 789.9 787.0 783.0 785.4 770.3 758.5 757.7 766.5 774.8 778.1 774.6 770.1 762.8 757.7 750.6 740.2 730.0 720.2 705.1 693.9 674.9 679.0 677.3 673.0 665.3 659.0 652.3 644.1 634.5 625.1 614.6 600.9 588.5 576.3 566.0 550.9 534.0 517.9 504.4 495.3 488.6 485.6 483.1 483.9 488.9 492.1 496.1 503.7 511.0 514.3 515.2 513.4 508.9 505.7 503.0 502.6 501.6 492.3
-999.0 -999.0 -999.0 -999.0 -999.0 -999.0 -999.0 -999.0 -999.0 -999.0 -999.0 -999.0 -999.0 -999.0 -999.0 -999.0 -999.0 801.2 799.1 788.7 789.4 788.5 781.7 782.4 790.6 800.0 796.9 791.5 785.8 778.3 770.8 758.9 748.3 740.9 734.9 720.7 710.6 701.7 698.5 696.2 691.5 684.8 680.4 672.5 662.7 651.6 642.9 632.2 619.8 604.3 589.5 578.2 567.3 552.6 536.2 521.1 510.7 503.5 498.0 493.9 494.9 498.3 503.1 508.0 516.5 523.1 527.0 531.4 530.6 525.4 518.8 515.7 520.4 527.4 512.6
-999.0 -999.0 -999.0 -999.0 -999.0 -999.0 -999.0 -999.0 -999.0 -999.0 -999.0 -999.0 -999.0 -999.0 -999.0 -999.0 -999.0 808.4 811.2 796.5 795.9 796.1 798.1 801.3 808.5 816.1 819.3 807.8 801.6 796.1 784.5 767.5 758.2 752.5 747.2 736.8 728.1 722.8 718.1 713.0 708.3 703.7 700.1 691.1 680.9 670.5 661.6 651.1 635.0 617.9 604.2 594.4 584.2 570.6 553.5 538.3 525.9 515.7 508.7 502.9 503.1 507.7 514.1 521.3 531.1 535.6 540.6 547.0 543.4 540.9 538.7 529.7 532.7 537.0 523.3
-999.0 -999.0 -999.0 -999.0 -999.0 -999.0 -999.0 -999.0 -999.0 -999.0 -999.0 -999.0 -999.0 -999.0 -999.0 -999.0 -999.0 -999.0 821.3 815.3 804.4 807.1 811.1 817.4 826.3 825.6 828.9 818.3 811.2 805.7 797.7 778.7 769.7 765.3 762.2 754.3 745.6 740.6 734.8 729.3 726.2 721.2 716.9 708.8 699.0 690.0 681.6 669.3 649.9 631.0 618.9 609.7 599.8 585.6 567.1 551.1 537.1 527.5 520.9 511.2 506.7 515.2 521.7 528.3 537.7 545.3 552.1 561.7 556.2 550.9 548.0 546.6 535.9 534.6 528.8
-999.0 -999.0 -999.0 -999.0 -999.0 -999.0 -999.0 -999.0 -999.0 -999.0 -999.0 -999.0 -999.0 -999.0 -999.0 -999.0 -999.0 -999.0 827.9 830.3 819.6 820.5 823.5 830.6 843.0 833.8 829.2 823.1 818.7 814.8 809.2 790.7 780.7 778.9 780.1 771.1 762.1 755.9 749.7 745.2 744.6 737.4 731.7 724.6 716.6 707.9 697.8 685.3 664.7 645.5 631.4 619.8 613.0 596.7 576.5 561.3 549.9 544.9 536.5 524.2 518.7 522.0 526.6 533.3 542.7 553.2 563.2 574.1 565.3 560.8 557.6 559.0 543.4 542.5 542.0
-999.0 -999.0 -999.0 -999.0 -999.0 -999.0 -999.0 -999.0 -999.0 -999.0 -999.0 -999.0 -999.0 -999.0 -999.0 -999.0 -999.0 -999.0 -999.0 838.9 839.1 836.8 832.4 835.2 839.1 836.0 831.9 827.5 825.3 823.6 818.9 801.1 793.9 789.4 788.7 786.3 777.4 769.4 763.6 759.3 761.1 750.9 744.2 740.0 734.2 724.8 714.2 701.7 680.1 658.7 640.8 628.6 618.4 603.4 587.7 578.2 571.0 565.9 555.3 535.6 527.9 526.8 530.2 537.4 548.8 559.8 566.4 570.4 567.7 565.9 570.5 567.6 562.7 557.1 550.4
