MODFLOW/OUTPUT/head_4_ascii.asc
ncols         406
nrows         328
xllcorner     595500
yllcorner     4015200
cellsize      100
NODATA_VALUE -999.0
[rows 66 to 98 of 328, columns 75 to 149 of 406]
149.2 159.3 169.5 179.6 188.7 196.5 202.7 207.6 211.6 214.9 217.7 220.1 221.9 223.2 223.8 223.5 222.3 219.9 216.4 211.8 206.4 200.4 193.5 185.7 176.9 167.2 157.1 146.7 136.2 125.8 115.1 105.3 96.6 89.7 85.1 83.4 84.5 87.5 91.7 96.6 101.8 106.7 111.6 116.4 121.3 126.3 131.7 136.9 142.0 147.6 153.2 157.9 159.7 160.2 159.9 158.4 155.2 149.8 142.5 133.9 124.4 114.9 105.6 96.4 87.8 80.2 74.3 70.2 67.6 66.3 66.2 67.1 69.0 71.6 74.7
145.4 155.7 166.1 176.3 185.7 193.9 200.8 206.5 211.3 215.5 219.1 222.3 224.9 226.9 228.2 228.7 228.2 226.5 223.5 219.4 214.1 207.8 200.9 193.2 184.4 174.8 164.7 154.3 143.9 133.5 123.0 113.3 104.2 96.6 91.0 88.2 89.1 92.4 97.2 102.8 108.6 114.4 119.9 125.4 130.9 136.2 141.7 147.4 153.3 159.7 166.2 171.8 175.6 178.1 179.4 178.9 176.0 170.2 162.1 152.1 141.0 129.8 119.0 108.2 97.6 87.9 79.9 74.1 70.0 67.4 66.0 65.8 66.6 68.1 70.5
140.5 151.1 161.9 172.5 182.4 191.1 198.6 205.1 210.9 215.9 220.3 224.1 227.5 230.2 232.1 233.2 233.4 232.4 229.9 226.1 221.1 215.0 208.1 200.5 191.8 182.4 172.5 162.3 152.2 142.2 132.0 122.0 112.5 104.1 97.7 94.0 94.0 97.3 102.5 108.6 115.1 121.4 127.6 133.7 139.6 145.3 151.4 157.7 164.5 172.0 179.6 186.5 192.3 196.8 199.7 200.2 197.7 191.4 182.2 170.5 157.6 145.0 133.1 121.1 109.0 97.6 87.7 79.9 74.2 70.1 67.5 66.1 65.8 66.3 67.7
134.7 145.7 157.0 168.1 178.6 187.9 196.2 203.7 210.3 216.1 221.3 225.7 229.6 232.8 235.4 237.1 237.9 237.5 235.4 232.1 227.5 221.7 215.0 207.7 199.3 190.1 180.6 171.1 161.5 151.7 141.4 131.1 121.1 111.9 104.6 100.1 99.0 102.3 107.8 114.3 121.2 128.2 135.0 141.7 148.1 154.5 161.2 168.5 176.5 185.5 194.5 202.9 210.5 216.5 220.6 222.0 219.9 212.8 202.2 188.5 174.0 160.1 147.3 134.4 121.3 108.8 97.5 87.9 80.3 74.5 70.5 67.9 66.5 66.0 66.5
128.3 139.6 151.4 163.1 174.3 184.4 193.5 202.0 209.6 216.2 222.0 227.0 231.3 234.9 237.9 240.2 241.7 241.9 240.3 237.4 233.3 228.0 221.8 214.7 206.9 198.1 189.3 180.3 171.1 161.3 150.9 140.1 129.5 119.6 111.7 106.6 105.3 108.1 113.5 120.1 127.4 134.8 142.2 149.5 156.7 164.0 171.8 180.3 190.2 201.4 212.2 222.7 231.0 237.3 241.9 243.6 241.7 234.0 221.9 206.3 190.4 175.4 161.5 148.1 134.5 121.4 109.1 97.8 88.5 80.8 75.1 71.3 68.7 67.2 66.7
122.0 133.2 145.3 157.4 169.1 180.1 190.5 200.1 208.7 216.2 222.6 228.0 232.6 236.6 240.0 242.7 244.7 245.5 244.5 242.3 238.8 234.1 228.3 221.4 213.9 205.8 197.8 189.4 180.5 170.6 159.8 148.6 137.5 127.1 118.5 112.9 111.5 114.2 119.5 126.2 133.6 141.4 149.3 157.3 165.4 174.1 183.4 193.7 205.7 218.6 231.2 242.0 251.5 258.8 262.7 264.3 262.4 254.5 241.4 224.5 207.7 191.6 176.7 162.8 148.9 135.2 122.0 109.5 98.6 89.1 81.7 76.5 72.7 70.0 68.3
116.6 127.2 139.0 151.0 163.4 175.6 187.2 197.9 207.6 215.9 222.9 228.5 233.4 237.7 241.4 244.5 246.8 248.1 248.0 246.6 243.9 240.0 234.7 228.2 221.0 213.5 205.9 197.9 189.2 179.2 168.1 156.5 144.9 134.0 125.1 119.3 118.0 120.7 126.0 132.7 140.3 148.2 156.6 165.1 174.0 183.6 194.3 206.9 220.1 233.7 247.4 259.7 270.0 277.8 281.8 283.4 281.7 274.0 261.2 243.8 226.7 208.9 193.0 178.4 163.9 149.5 135.6 122.5 110.6 99.8 90.8 83.9 78.5 74.3 71.4
113.1 121.9 132.6 144.6 157.7 171.0 183.8 195.5 206.1 215.2 222.8 228.5 233.5 238.1 242.1 245.6 248.4 250.3 251.0 250.5 248.7 245.5 240.7 234.7 227.9 220.7 213.4 205.6 196.9 186.7 175.3 163.3 151.5 140.5 131.4 125.8 124.8 128.0 133.6 140.6 148.3 156.3 164.8 173.5 182.7 192.8 204.1 216.8 230.0 244.3 260.1 274.3 286.5 294.7 299.1 300.9 299.4 293.5 282.0 265.3 247.5 227.0 209.9 194.6 179.6 164.8 150.6 136.8 124.0 112.2 102.0 93.4 86.5 80.6 76.1
112.6 118.9 127.7 139.1 152.3 166.3 180.2 192.7 203.8 213.5 221.4 227.4 232.6 237.6 242.1 246.1 249.5 252.1 253.7 254.0 253.0 250.4 246.2 240.6 234.2 227.2 220.0 212.2 203.4 192.9 181.2 169.1 157.2 146.2 137.4 132.2 131.9 135.7 141.9 149.4 157.5 166.0 174.6 183.3 192.3 202.1 213.3 225.6 238.9 253.9 270.6 286.8 301.2 311.0 315.9 318.4 317.4 313.1 303.6 287.3 267.1 245.4 227.0 211.2 196.0 181.2 166.5 152.1 138.4 125.7 114.4 104.6 96.2 88.9 82.7
114.3 118.3 124.5 134.4 147.1 161.5 176.1 188.9 200.3 210.2 218.4 224.9 230.7 236.3 241.4 246.0 250.1 253.4 255.8 257.0 256.8 254.7 251.1 245.9 239.7 233.0 225.7 217.7 208.5 197.7 185.9 173.8 161.8 151.0 142.8 138.4 139.0 143.5 150.5 158.6 167.5 176.5 185.5 194.2 203.0 212.2 222.6 234.4 247.6 262.5 279.1 296.8 313.1 325.3 333.3 336.5 337.1 333.7 325.4 308.9 286.6 263.6 244.3 228.0 213.0 198.2 183.3 168.3 153.6 140.1 128.1 117.4 107.7 98.9 91.2
119.0 121.1 125.2 132.0 142.8 156.1 170.4 183.0 194.4 204.7 213.5 221.1 227.9 234.1 239.8 245.0 249.8 254.0 257.2 259.3 259.9 258.3 255.1 250.4 244.6 237.9 230.3 221.9 212.2 201.3 189.5 177.4 165.5 154.9 147.4 143.9 145.6 151.2 159.2 168.4 178.1 187.7 197.1 206.0 214.6 223.4 232.9 243.8 256.5 271.0 287.8 306.1 323.5 337.5 347.1 352.5 354.5 352.0 344.7 329.8 306.9 284.0 263.5 246.4 231.3 216.3 200.7 185.0 169.4 155.6 143.2 131.6 120.6 110.7 101.9
125.9 126.8 129.0 133.2 140.5 151.5 164.0 176.1 187.5 198.1 207.8 216.5 224.4 231.4 237.5 243.2 248.7 253.6 257.6 260.3 261.5 260.6 258.1 254.0 248.5 241.7 233.8 225.0 215.1 204.1 192.4 180.2 168.4 158.1 151.3 149.2 151.8 158.9 168.2 178.6 189.3 199.6 209.4 218.6 227.1 235.6 244.5 254.5 266.2 280.0 296.9 315.4 333.5 348.5 359.6 366.4 368.8 367.0 361.0 349.5 329.9 307.9 285.0 266.8 250.1 233.7 217.5 201.7 185.8 171.8 158.9 146.5 134.4 123.5 113.7
134.9 134.8 135.5 137.2 140.9 149.2 159.4 170.2 181.1 191.6 201.8 211.4 220.3 228.0 234.6 240.9 246.9 252.4 257.0 260.2 261.9 261.9 260.3 256.8 251.4 244.5 236.5 227.5 217.5 206.6 194.9 182.9 171.3 161.4 155.6 154.8 159.0 167.2 177.7 189.4 201.1 212.2 222.5 231.9 240.4 248.7 257.3 266.6 277.6 290.8 306.9 325.0 343.2 359.0 371.2 378.7 381.5 380.3 375.1 365.5 350.5 330.1 306.8 285.6 267.5 250.0 233.2 217.3 202.1 188.0 174.7 161.5 148.5 136.6 126.3
145.3 144.6 144.2 144.5 146.3 151.0 157.9 166.6 176.1 186.1 196.3 206.3 215.6 223.8 231.1 238.1 244.7 250.8 255.7 259.4 261.7 262.4 261.6 258.5 253.3 246.5 238.6 229.6 219.7 208.9 197.4 185.8 174.8 165.7 160.7 160.8 166.3 175.5 187.2 200.0 212.8 224.7 235.6 245.4 254.2 262.4 270.9 280.0 290.4 302.5 317.2 334.4 352.4 368.5 381.6 389.7 392.9 392.3 387.9 379.4 366.3 346.5 323.6 302.2 283.6 265.4 248.2 232.8 218.1 204.0 190.2 176.1 162.1 149.9 139.1
156.9 155.7 154.4 153.6 153.9 155.8 159.5 165.3 173.1 182.3 192.0 201.7 210.9 219.4 227.3 234.9 242.1 248.7 254.1 258.2 261.0 262.2 261.6 259.1 254.4 248.1 240.4 231.6 221.8 211.2 200.1 189.0 178.8 170.7 166.3 167.1 173.7 183.7 196.1 209.9 223.8 236.6 248.3 258.6 268.0 276.5 285.1 294.1 304.1 315.2 328.0 343.1 360.1 376.4 389.9 398.5 402.7 403.1 399.8 392.3 380.1 360.6 338.5 317.2 297.4 279.0 262.6 248.0 233.8 219.6 205.1 190.3 175.5 163.1 151.8
168.7 167.2 165.4 163.7 162.6 162.6 163.8 166.7 172.3 180.1 188.9 198.0 206.9 215.5 223.7 231.6 239.3 246.3 252.3 256.9 260.1 261.7 261.5 259.4 255.4 249.5 242.2 233.6 224.0 213.7 202.9 192.4 183.0 175.9 172.3 174.1 181.0 191.5 204.3 218.5 233.2 247.2 260.1 271.0 281.1 290.6 299.5 308.8 318.5 328.7 339.8 352.6 367.8 383.5 396.9 406.1 411.5 412.9 410.5 404.2 393.3 375.5 353.9 332.5 310.7 292.3 276.6 262.6 248.8 234.2 219.0 203.2 188.3 175.8 163.8
180.4 178.7 176.5 174.3 172.3 170.6 169.7 170.3 173.7 179.7 187.1 195.3 203.7 212.1 220.5 228.6 236.6 244.0 250.5 255.7 259.4 261.4 261.7 260.1 256.6 251.3 244.2 235.8 226.4 216.3 205.8 195.7 187.0 180.6 177.7 180.2 187.5 198.1 211.1 225.6 240.8 255.6 269.6 281.8 293.1 303.9 314.1 323.9 333.4 342.5 352.0 362.6 375.6 390.0 403.0 413.0 419.5 421.7 420.3 415.0 405.3 390.7 369.9 346.0 324.1 305.8 290.4 276.5 262.3 247.1 231.1 215.4 200.9 187.9 175.2
191.8 189.9 187.8 185.3 182.6 179.7 177.1 175.6 176.7 180.9 186.8 193.8 201.5 209.7 218.0 226.3 234.4 242.1 249.0 254.8 259.0 261.6 262.3 261.1 258.1 253.4 246.6 238.2 228.8 218.9 208.5 198.8 190.5 184.5 182.2 185.1 192.6 203.4 216.5 231.2 246.8 262.4 277.4 291.1 303.7 316.1 328.1 339.0 348.3 356.5 364.5 373.1 383.7 396.1 408.5 418.8 426.0 429.4 429.1 424.6 416.1 403.8 385.0 361.5 338.7 319.5 303.4 289.0 274.1 257.9 241.6 226.0 211.5 198.3 185.6
202.9 201.1 199.2 196.7 193.6 189.9 186.0 183.1 181.8 184.0 188.3 193.9 200.7 208.4 216.7 225.1 233.3 241.2 248.4 254.5 259.3 262.3 263.4 262.6 260.0 255.7 249.0 240.6 231.2 221.3 211.1 201.5 193.2 187.6 185.9 189.2 196.6 207.2 220.3 235.3 251.4 267.8 283.7 298.8 313.2 327.2 340.7 352.7 362.6 370.6 377.6 384.6 392.8 402.7 413.7 424.0 431.8 436.1 436.7 432.5 424.8 413.7 398.1 377.0 353.6 331.7 314.5 299.4 283.5 266.9 250.4 234.7 220.3 207.1 194.6
213.7 212.2 210.7 208.5 205.2 201.1 196.8 193.2 190.9 190.6 192.4 196.2 201.8 209.0 216.9 225.3 233.6 241.6 249.0 255.4 260.5 263.9 265.2 264.5 261.9 257.5 251.0 242.8 233.7 223.8 213.5 203.8 195.6 190.1 188.9 192.3 199.5 209.8 222.8 238.0 254.6 271.9 289.0 305.5 321.6 337.4 352.4 365.9 376.8 384.9 391.3 397.0 403.2 410.4 419.1 428.6 436.4 440.9 441.7 437.8 430.7 420.6 407.1 387.0 363.7 341.9 323.9 307.7 291.2 274.1 257.6 242.1 227.7 214.5 202.3
223.9 223.0 222.1 220.4 217.2 213.1 208.9 205.1 202.0 200.2 199.9 201.8 206.1 212.1 219.4 227.5 235.7 243.7 251.2 257.7 262.9 266.5 267.9 267.2 264.5 259.8 253.4 245.4 236.4 226.5 216.1 206.2 198.0 192.9 191.7 194.9 201.6 211.4 224.1 239.5 256.7 274.9 293.0 311.0 328.9 346.6 363.6 378.9 391.2 399.8 405.7 410.4 415.0 420.3 426.8 433.8 439.9 443.5 443.9 440.6 434.2 424.9 412.5 394.6 373.1 352.1 333.1 315.8 298.7 280.8 264.4 248.9 234.1 220.8 208.6
233.2 233.3 233.2 232.3 229.4 225.6 221.8 218.1 214.9 212.2 210.5 210.9 213.9 218.8 225.0 232.4 240.1 247.8 255.1 261.6 266.9 270.4 271.8 271.0 268.0 263.1 256.6 248.7 239.6 229.6 219.1 209.3 201.3 196.4 195.0 197.6 203.6 212.7 224.8 240.1 257.7 276.6 295.8 315.2 334.6 354.2 373.5 391.0 405.2 414.6 420.4 424.4 427.6 431.1 435.2 439.7 443.5 445.6 445.2 441.9 435.8 427.0 414.6 398.5 379.4 359.9 341.6 323.9 305.6 288.2 271.9 255.9 240.1 225.9 213.3
241.6 242.8 243.4 243.4 241.5 238.5 235.4 232.2 229.1 226.1 223.6 222.7 224.3 228.2 233.7 240.4 247.5 254.6 261.4 267.5 272.6 275.9 277.1 276.0 272.8 267.6 260.8 252.7 243.4 233.3 222.9 213.5 205.9 201.0 199.1 201.1 206.5 214.9 226.4 240.9 257.9 276.9 296.9 317.6 338.4 359.7 380.8 400.4 417.1 428.2 434.7 438.1 440.1 441.9 443.8 445.7 447.2 447.5 445.8 442.0 435.7 426.7 414.2 399.6 381.0 363.5 346.8 330.1 313.0 296.5 279.9 263.0 246.2 230.3 216.6
249.4 251.4 252.7 253.6 253.2 251.8 249.8 247.5 244.8 241.8 238.9 237.1 237.4 239.9 244.5 250.6 257.3 264.0 270.4 275.8 280.3 283.1 283.9 282.4 278.8 273.3 266.2 257.7 248.0 237.8 227.7 218.6 211.5 206.5 203.9 205.1 209.8 217.8 228.8 242.6 258.9 277.5 297.6 319.1 341.0 363.5 385.9 407.4 426.1 439.4 446.8 450.2 451.5 451.7 452.0 452.2 451.4 449.5 445.7 441.2 434.5 424.7 411.8 396.6 379.2 362.3 346.8 332.1 317.0 301.4 284.4 267.3 250.5 234.5 219.2
258.1 259.9 262.0 264.1 265.6 265.7 265.1 263.8 261.8 259.3 256.0 253.5 252.5 253.7 257.1 262.5 269.0 275.5 281.5 286.5 290.1 292.2 292.3 290.4 286.2 280.2 272.7 263.7 253.7 243.4 233.6 225.2 218.4 213.1 209.8 209.6 213.5 220.8 231.2 244.5 260.4 278.8 298.8 320.4 343.1 366.3 389.1 411.3 431.2 446.3 455.0 458.6 459.7 459.6 458.6 456.6 453.5 449.3 444.3 439.0 432.1 421.5 408.2 392.6 375.4 358.4 342.9 328.5 314.8 301.6 285.1 267.9 251.5 236.3 221.4
264.9 267.6 271.5 275.5 278.1 279.8 280.6 280.6 279.7 277.6 273.9 270.9 269.1 269.4 271.8 276.2 282.2 288.6 294.4 299.0 301.9 303.1 302.4 299.8 295.0 288.4 280.2 270.8 260.7 250.4 241.1 233.3 226.8 221.3 217.4 216.1 218.1 224.4 233.6 246.1 261.6 279.7 299.7 321.4 344.4 367.9 391.0 413.2 433.5 449.3 458.9 462.9 463.9 463.1 461.0 457.6 452.3 446.2 440.0 434.4 427.3 416.3 402.7 386.8 369.5 352.0 336.0 321.5 307.9 294.7 280.2 263.9 248.6 234.8 221.2
-999.0 274.1 278.4 285.3 290.1 293.8 296.1 297.5 297.6 295.7 291.9 288.4 286.4 286.3 288.2 291.7 296.9 303.0 308.7 313.1 315.2 315.5 314.0 310.6 305.3 298.0 289.2 279.4 269.2 259.1 250.1 242.8 236.5 230.8 226.3 224.0 224.7 229.1 236.7 248.1 262.8 280.3 300.1 321.6 344.4 367.9 391.2 413.8 434.5 450.8 460.6 464.5 465.0 463.4 460.1 454.9 447.6 440.4 433.4 426.9 419.0 408.4 394.8 378.7 361.3 343.2 326.1 310.7 296.7 283.0 269.6 256.0 242.3 230.6 217.8
-999.0 -999.0 -999.0 295.3 302.7 307.5 311.0 313.5 314.3 312.6 309.3 305.8 303.9 304.1 305.8 308.9 313.1 318.6 324.1 328.3 329.6 329.1 326.8 322.8 316.9 309.0 299.8 289.7 279.3 269.5 260.7 253.8 247.4 241.4 236.2 233.0 232.7 235.7 242.0 251.4 264.6 281.3 300.3 321.2 343.5 366.6 389.9 412.6 433.7 450.4 459.9 463.0 462.9 460.8 456.6 449.0 439.6 431.6 424.5 417.4 409.2 398.7 385.2 368.7 351.0 332.5 314.5 298.0 283.6 269.9 256.9 245.1 234.4 224.4 212.6
-999.0 -999.0 -999.0 -999.0 313.7 319.6 324.3 327.4 328.6 327.4 324.9 322.2 321.0 321.6 323.6 326.7 330.3 335.1 339.9 343.4 344.4 343.5 340.8 336.2 329.6 321.4 311.9 301.9 291.8 282.2 273.8 266.4 259.6 252.9 247.0 243.0 242.1 244.4 249.7 257.3 268.1 283.1 300.7 320.3 341.6 363.9 386.9 408.9 429.2 445.0 453.7 457.2 457.3 454.9 450.1 441.1 431.3 422.6 414.8 407.0 398.4 387.7 373.4 356.6 338.8 320.1 301.6 284.4 269.3 255.9 243.5 232.9 223.8 215.0 204.7
-999.0 -999.0 -999.0 -999.0 -999.0 329.7 335.3 338.5 340.2 339.6 338.3 337.3 337.3 338.6 341.1 344.3 347.8 352.1 356.2 359.0 359.8 358.7 355.7 350.8 343.9 335.4 325.9 316.2 306.4 296.9 288.2 280.2 272.6 265.3 258.7 254.0 252.3 253.8 258.4 265.2 274.3 286.7 301.8 319.4 339.1 360.1 381.6 402.1 420.5 434.9 443.9 448.2 449.0 446.8 441.3 432.4 422.7 413.4 404.9 396.4 387.0 375.8 360.7 343.7 325.9 307.5 288.8 271.0 255.7 242.2 230.1 220.2 211.8 203.5 194.3
-999.0 -999.0 -999.0 -999.0 -999.0 -999.0 345.0 346.8 348.4 348.8 349.1 350.0 351.8 354.1 357.3 361.1 365.1 369.3 373.0 375.3 375.9 374.6 371.5 366.5 359.6 351.3 342.2 332.4 322.7 312.9 303.5 294.7 286.5 278.8 271.7 266.5 263.6 263.9 267.9 274.0 282.0 292.3 304.9 320.0 337.6 356.7 376.0 394.5 410.8 423.6 432.4 437.2 438.9 437.0 430.9 422.8 413.7 404.3 395.1 385.7 375.0 362.4 347.3 330.5 313.0 295.4 277.5 259.9 244.1 230.1 217.5 207.7 199.7 192.3 184.1
-999.0 -999.0 -999.0 -999.0 -999.0 -999.0 350.0 352.5 354.4 355.8 357.4 360.3 363.9 367.7 371.8 376.4 381.3 386.1 389.5 391.8 392.4 391.1 387.9 383.0 376.4 368.6 359.7 350.0 340.1 329.9 319.6 309.8 300.7 292.6 285.4 279.8 276.1 275.5 278.4 283.5 290.4 299.1 309.7 322.3 337.4 354.2 371.3 387.7 401.9 413.3 421.1 425.7 427.4 425.8 420.4 413.3 404.8 395.4 385.8 375.6 363.5 349.6 334.0 317.3 300.5 283.9 267.2 250.3 234.7 220.7 207.7 197.3 189.4 182.7 176.2
-999.0 -999.0 -999.0 -999.0 -999.0 -999.0 -999.0 356.5 358.7 360.1 362.6 367.0 374.4 379.7 384.8 390.3 395.9 401.0 405.0 407.9 408.9 407.9 405.0 400.2 394.0 386.7 378.2 368.7 358.5 347.6 336.4 325.4 315.4 306.8 299.5 293.6 289.4 287.7 289.3 293.3 299.2 306.7 315.9 326.3 338.9 353.3 368.3 382.6 395.1 405.0 411.9 415.9 416.9 415.0 410.7 404.3 396.4 387.1 376.7 365.3 352.4 337.9 321.9 305.0 288.6 272.9 257.2 241.3 226.3 212.7 200.5 190.2 182.4 176.9 172.6
