MODFLOW/OUTPUT/head_4_ascii.asc
ncols         406
nrows         328
xllcorner     595500
yllcorner     4015200
cellsize      100
NODATA_VALUE -999.0
[rows 132 to 164 of 328, columns 150 to 224 of 406]
466.3 458.6 449.4 439.0 427.4 415.1 402.3 389.4 376.4 363.5 350.8 338.5 327.4 317.8 309.2 300.9 292.6 284.7 278.0 272.9 270.2 271.6 275.1 278.8 281.8 283.1 282.9 281.8 280.8 280.0 279.1 277.8 275.7 272.5 268.2 261.9 252.1 237.5 223.1 208.6 193.9 179.4 166.2 155.0 146.8 142.9 141.9 142.8 144.6 146.7 149.2 152.1 155.4 158.7 162.1 165.5 168.7 171.8 174.7 177.5 180.0 182.2 183.9 185.0 185.3 185.5 185.3 185.3 186.1 187.5 190.7 195.0 199.9 204.9 209.8
462.3 454.2 444.7 434.1 422.6 410.6 398.5 386.2 374.1 362.1 350.4 339.5 330.0 321.3 312.9 304.8 296.9 289.6 284.1 281.0 280.8 283.7 288.1 292.6 296.1 298.2 298.9 298.0 296.7 295.4 293.8 291.6 288.5 284.1 278.5 271.2 261.7 248.6 233.4 217.7 201.5 185.8 171.4 159.1 149.8 144.8 143.2 143.8 145.5 148.0 151.2 155.1 159.5 163.9 168.2 172.5 176.4 179.9 183.3 186.7 189.9 192.8 195.1 196.5 196.9 196.5 195.2 193.3 191.9 191.2 193.0 196.5 200.5 204.6 208.7
457.9 449.4 439.7 429.0 417.9 406.6 395.3 384.0 373.0 362.5 352.5 343.3 334.6 326.2 318.1 310.2 302.7 296.2 291.7 290.3 292.2 296.3 301.5 306.9 311.0 313.9 315.3 314.9 313.5 311.8 309.6 306.6 302.6 296.7 289.4 280.3 269.7 257.1 242.2 226.1 209.2 192.5 176.9 163.3 152.6 146.3 144.0 144.1 145.7 148.5 152.4 157.7 163.4 169.3 175.0 180.5 185.3 189.1 193.1 197.2 201.3 205.0 207.9 209.7 210.2 209.4 207.2 204.3 201.5 199.1 198.3 200.3 202.7 205.2 208.1
453.6 444.9 435.0 424.4 413.8 403.8 393.7 383.7 374.0 365.0 356.6 348.5 340.6 332.5 324.6 317.2 310.4 304.6 300.6 300.8 304.4 309.7 315.7 321.8 326.9 330.6 332.8 332.9 331.2 328.9 326.0 322.2 317.2 310.0 300.6 289.4 277.6 264.6 249.5 233.1 215.9 198.9 182.6 167.8 155.7 148.1 144.7 144.0 145.2 147.9 151.7 157.1 163.5 171.1 178.7 186.1 193.1 198.8 204.2 209.3 214.2 218.5 222.1 224.3 224.8 223.6 220.9 217.4 213.7 210.4 208.0 207.5 207.8 208.3 209.4
450.4 441.8 432.0 421.3 411.3 402.5 393.9 385.3 377.3 369.9 362.6 355.2 347.8 340.1 332.8 325.9 319.8 314.8 311.8 312.7 317.5 323.7 330.6 337.5 343.4 348.0 350.8 351.2 349.2 345.9 341.8 336.9 330.5 322.5 311.1 298.6 285.3 271.1 255.5 239.0 221.9 204.6 187.8 172.4 159.4 150.3 145.5 143.8 144.2 146.1 149.2 153.9 160.4 169.5 178.7 188.1 198.0 206.9 214.6 221.8 227.3 232.5 237.0 240.1 240.8 239.1 235.8 231.9 227.6 223.7 220.4 218.2 216.6 215.4 214.9
448.4 440.2 431.1 421.3 412.0 403.8 396.3 389.2 382.9 376.6 370.1 363.2 356.4 349.3 342.4 336.1 330.7 326.5 324.3 325.5 330.7 337.8 345.1 352.5 359.0 364.1 367.1 367.5 365.1 360.8 355.3 348.7 341.0 331.6 319.9 307.0 293.1 277.9 261.8 245.2 227.8 210.3 193.0 176.9 163.0 152.6 146.5 143.9 143.4 144.4 146.7 150.9 157.4 166.2 176.3 187.8 199.9 211.1 221.0 229.7 237.4 244.9 251.5 255.9 257.3 255.3 251.5 247.2 242.8 238.5 234.6 231.2 228.1 225.5 223.6
447.6 440.0 431.7 423.0 414.7 407.5 401.0 395.2 389.8 384.5 378.8 372.5 366.3 359.9 353.5 347.6 342.9 339.7 338.4 340.5 345.2 352.0 359.4 366.8 373.5 378.9 382.1 382.2 378.9 373.3 366.4 358.4 349.4 339.1 327.1 314.0 300.1 285.0 268.6 251.7 234.2 216.4 198.7 181.7 167.0 155.4 148.2 144.6 143.2 143.3 144.7 148.4 154.7 163.2 174.0 186.7 200.2 213.4 224.9 235.0 244.7 254.9 263.8 270.5 273.3 271.2 267.0 262.7 258.5 254.2 249.9 245.7 241.7 238.3 235.7
447.7 440.9 433.5 425.9 418.8 412.5 407.0 402.2 397.7 393.3 388.4 382.5 376.5 370.5 364.6 359.0 355.3 353.5 353.8 356.8 361.4 367.6 374.4 381.4 388.0 393.5 396.6 396.0 391.0 384.0 375.7 366.5 356.5 345.4 333.1 319.9 306.0 291.1 275.0 258.4 241.2 223.3 205.0 187.4 171.7 159.1 151.0 146.5 144.3 143.6 144.1 147.0 152.4 160.6 171.6 184.8 199.3 213.8 226.5 237.9 249.5 261.8 272.8 281.1 285.7 284.5 281.1 277.5 274.1 270.3 265.9 261.2 256.6 253.0 249.7
448.3 442.5 436.0 429.6 423.6 418.2 413.6 409.6 405.9 402.2 398.0 392.4 386.3 380.5 375.2 370.5 368.5 368.4 370.1 373.7 378.6 384.2 390.3 396.8 402.8 407.9 410.3 408.0 401.6 393.3 383.8 373.7 362.8 351.0 338.3 324.7 310.7 295.9 280.3 264.2 247.6 230.4 212.2 194.1 177.6 164.1 155.3 150.2 147.5 146.1 146.1 147.7 151.5 158.6 168.9 182.0 196.6 211.6 225.5 238.7 251.9 266.0 279.0 288.0 293.4 294.4 293.0 291.1 289.0 286.2 281.8 276.9 272.3 268.5 264.8
449.0 444.3 439.0 433.6 428.7 424.2 420.4 417.1 414.0 410.5 406.4 401.2 395.6 390.3 386.0 383.2 383.0 384.3 387.2 391.4 396.5 401.8 407.4 413.0 418.1 422.2 423.3 419.0 411.1 401.6 391.4 380.6 369.3 356.9 343.4 329.1 314.6 299.8 284.6 269.0 253.2 236.8 219.6 201.7 184.9 170.8 161.5 156.0 152.5 150.4 149.5 150.1 152.6 157.8 166.4 178.7 193.0 208.4 223.4 238.3 253.1 267.7 282.2 292.6 299.8 302.6 303.4 303.4 302.6 300.9 296.9 292.2 288.1 284.3 280.1
449.4 445.9 442.0 437.7 433.7 430.1 427.0 424.4 421.7 418.3 414.1 409.4 404.4 400.1 397.2 396.4 398.1 401.0 405.0 409.7 415.0 420.2 425.5 430.1 433.9 436.5 435.8 429.7 420.1 409.4 398.5 387.5 376.1 363.1 348.8 333.5 318.3 303.1 288.0 272.9 257.6 242.2 226.3 209.9 194.0 180.4 170.5 163.8 159.1 155.8 153.8 153.3 154.5 158.0 164.8 175.3 188.9 204.4 220.8 237.7 254.3 269.4 284.4 296.7 305.0 310.2 313.0 314.0 314.2 313.3 310.0 306.3 303.0 299.6 294.9
449.0 446.6 444.1 441.5 438.5 435.2 432.7 430.6 428.4 425.5 421.7 417.5 413.2 410.2 409.3 410.7 414.0 418.6 423.8 428.8 434.1 439.0 444.4 448.9 451.4 450.6 447.0 439.5 428.5 416.8 405.5 394.4 382.8 369.3 354.0 337.8 321.8 306.3 291.1 276.1 261.2 246.4 231.6 217.0 202.9 190.1 179.9 172.1 166.2 161.6 158.5 156.9 156.9 158.9 163.8 172.4 184.8 200.5 218.3 237.2 255.5 270.9 286.6 300.3 310.0 316.7 320.9 322.6 323.2 322.9 321.0 318.8 316.6 313.9 308.8
447.5 446.1 444.7 443.2 441.3 438.8 436.9 435.4 434.0 431.7 428.7 425.4 422.2 421.1 422.3 425.6 430.5 436.6 443.1 448.4 453.6 458.7 464.4 470.5 470.6 466.1 458.6 449.2 437.0 424.6 412.7 400.8 388.6 375.0 359.2 341.9 325.3 309.6 294.2 278.9 264.0 249.6 235.6 222.1 209.5 197.8 187.8 179.4 172.5 167.0 162.8 160.1 159.0 159.9 163.6 170.5 181.4 196.8 215.4 235.4 254.8 272.1 288.8 303.1 314.3 322.1 327.3 329.7 331.0 331.2 330.6 329.4 327.9 325.6 320.4
444.4 443.9 443.5 443.0 442.0 440.4 439.4 438.7 438.0 436.8 435.0 433.1 431.4 432.5 435.6 440.6 447.1 454.4 461.9 468.6 474.2 479.8 485.4 490.6 490.3 483.7 474.1 461.1 447.1 433.6 420.3 407.5 394.6 380.7 363.8 346.0 329.5 313.7 297.4 281.6 266.4 252.0 238.3 225.4 213.5 202.6 192.8 184.3 177.1 171.0 166.1 162.5 160.7 161.0 164.1 170.2 179.9 195.3 213.9 234.1 254.4 274.0 291.1 305.8 317.6 326.3 332.4 335.8 338.1 339.3 339.2 338.5 337.1 334.6 330.1
439.7 439.7 439.8 439.9 440.2 440.1 440.4 440.8 441.2 441.4 441.4 441.6 442.1 444.8 449.0 454.7 462.2 470.6 479.2 487.9 494.8 500.8 506.0 509.0 507.9 501.7 490.2 475.4 459.3 444.5 429.5 415.2 400.6 385.8 368.7 351.4 334.9 318.8 300.6 284.5 268.8 254.0 240.1 227.4 215.8 205.2 195.3 186.7 179.4 173.2 168.1 164.3 162.3 162.5 166.0 172.6 182.7 197.3 215.2 235.3 256.1 275.9 292.7 307.3 319.3 328.6 336.0 341.2 344.6 347.1 347.4 346.5 345.2 342.9 339.2
434.0 434.4 435.0 435.8 437.1 438.4 440.0 441.8 443.8 445.4 447.1 449.2 451.7 455.9 461.5 468.0 475.9 484.9 494.5 503.8 511.8 517.8 521.6 523.0 521.1 515.1 504.0 487.4 469.5 452.4 435.9 419.6 403.5 387.3 370.7 354.4 338.2 321.6 304.5 287.9 271.2 255.9 241.3 228.6 216.8 206.4 196.0 187.1 179.8 173.9 169.1 165.6 163.7 164.2 168.8 176.4 187.3 201.7 219.3 239.1 259.3 277.3 293.5 307.3 318.9 329.1 338.5 345.3 350.0 352.7 353.8 353.6 352.7 350.9 347.9
428.4 429.2 430.2 431.3 433.0 435.3 438.2 441.5 445.4 448.2 451.2 454.7 459.1 464.7 471.4 479.2 487.4 496.7 506.7 516.5 524.7 530.3 533.4 533.7 530.3 522.8 511.3 495.3 474.4 455.3 438.4 420.6 402.9 385.5 368.0 352.4 337.6 321.4 304.5 286.9 270.0 255.2 242.2 229.1 216.1 205.3 195.1 186.5 179.4 173.8 169.6 166.7 165.6 167.3 172.5 180.8 192.4 206.7 223.8 242.5 261.3 278.5 294.2 307.3 318.8 329.7 339.8 347.9 353.1 356.4 358.4 359.2 359.2 358.1 355.9
423.4 424.4 425.4 426.6 428.2 430.7 434.6 439.5 444.7 449.0 453.2 458.0 464.0 470.7 478.3 486.6 495.4 505.1 515.5 525.7 534.1 539.2 541.7 541.1 536.4 527.2 513.8 496.4 474.7 455.1 436.6 417.7 398.8 380.5 363.3 347.4 332.4 317.3 299.3 281.7 264.2 250.6 238.9 226.5 213.5 202.8 193.1 185.1 178.5 173.4 169.8 167.8 167.6 170.0 175.7 184.7 196.6 210.7 226.7 244.2 261.8 278.8 294.7 307.4 318.8 330.0 340.4 348.7 354.6 358.7 361.5 363.4 364.4 364.2 362.8
419.0 420.0 420.8 421.7 423.0 425.2 428.7 433.9 440.5 447.0 452.7 458.9 465.9 473.7 482.2 491.0 500.2 510.3 520.9 531.4 540.0 544.4 546.2 545.1 539.1 528.4 513.2 493.4 472.0 451.9 432.2 412.3 393.1 374.4 356.9 340.8 325.4 309.0 290.7 274.0 258.3 245.0 233.2 221.5 209.3 199.1 190.3 183.1 177.4 173.0 170.0 168.6 169.1 172.1 178.0 187.1 198.8 212.4 227.7 244.2 261.2 277.8 293.8 306.7 318.5 329.6 339.7 348.4 355.1 359.7 363.3 366.2 368.1 368.9 368.6
415.6 415.9 416.4 416.9 417.8 419.5 422.5 427.2 433.5 441.1 447.5 455.4 463.8 472.7 482.6 492.1 501.2 511.2 521.6 531.9 540.4 544.5 545.4 543.2 536.3 525.1 509.6 488.6 466.3 445.0 424.4 404.3 385.3 367.0 349.3 333.0 317.0 300.0 282.4 265.9 251.4 238.9 227.3 216.0 205.1 195.3 187.2 180.9 176.1 172.5 170.2 169.3 170.2 173.6 179.5 188.5 199.7 212.7 227.6 244.0 260.7 276.8 291.8 305.2 317.3 328.4 338.4 347.4 354.7 359.7 363.9 367.6 370.6 372.5 373.3
414.2 413.0 412.4 412.4 412.8 413.9 416.1 419.6 424.7 432.0 437.7 446.8 456.5 466.4 477.2 487.9 497.1 506.5 516.5 526.4 534.8 539.2 539.4 536.2 528.9 517.4 501.7 481.2 458.8 436.8 415.6 395.4 376.4 358.4 340.9 324.2 308.0 291.4 274.7 258.4 244.1 231.9 221.0 210.9 201.2 192.1 184.4 179.0 175.0 172.1 170.6 170.4 172.0 175.4 181.0 189.9 200.4 213.0 227.7 243.8 260.3 276.1 290.7 304.0 316.0 326.9 336.7 345.5 352.8 358.5 363.4 367.8 371.5 374.6 376.8
415.5 412.5 410.4 409.2 408.6 408.9 410.2 412.6 416.3 421.5 427.4 435.3 445.2 455.4 466.9 477.8 486.6 495.8 505.5 514.6 522.5 527.5 528.0 524.3 516.8 505.5 490.2 470.9 449.2 427.3 406.4 386.8 368.2 350.2 332.6 315.7 299.5 283.4 267.5 251.7 237.4 225.4 215.4 206.6 198.1 190.1 183.0 178.0 174.4 172.1 171.3 171.9 174.3 178.3 184.2 192.4 202.3 214.4 228.6 244.1 259.9 275.3 289.8 303.0 314.7 325.3 334.8 343.3 350.7 357.0 362.7 367.7 372.2 376.0 379.3
419.7 414.9 410.9 407.9 405.9 405.1 405.3 406.6 409.1 413.0 418.3 425.1 433.6 443.5 454.4 464.9 473.6 481.7 490.0 497.6 504.5 509.4 510.8 507.7 500.6 490.2 476.4 459.0 438.3 417.3 397.4 378.7 360.8 343.0 325.4 308.4 292.2 276.5 261.2 246.2 232.3 220.7 212.0 204.2 196.4 189.1 182.6 177.8 174.5 172.7 172.5 174.0 177.4 182.4 188.8 196.8 206.1 217.2 230.6 245.1 260.0 274.7 288.8 301.8 313.5 324.0 333.5 342.0 349.6 356.5 362.9 368.5 373.3 377.5 381.1
426.4 420.1 414.3 409.5 405.8 403.2 401.9 401.8 403.1 405.9 410.3 416.4 423.9 433.0 442.8 452.2 459.6 465.6 471.5 477.2 482.4 486.7 488.4 486.4 480.8 472.1 460.2 444.8 426.2 406.6 387.8 370.1 352.9 335.9 318.9 302.4 286.6 271.2 256.5 242.4 229.6 219.0 211.2 204.1 196.3 189.1 182.8 178.0 175.0 173.9 174.4 177.1 181.4 187.3 194.5 202.9 211.8 221.8 233.9 247.2 260.9 274.7 288.2 300.8 312.5 323.1 332.8 341.6 349.6 356.9 363.7 369.6 374.6 378.9 382.5
435.6 428.0 420.6 414.2 408.7 403.9 400.4 398.5 398.4 399.9 403.2 408.2 414.8 422.6 431.2 439.2 444.6 448.1 451.4 455.1 458.7 461.7 463.2 462.2 458.2 451.5 441.5 428.2 411.5 393.7 376.7 360.3 344.3 328.4 312.5 297.0 282.2 267.7 253.6 240.5 228.9 219.5 212.0 205.0 197.5 190.1 183.6 178.5 175.9 175.5 177.0 180.7 185.9 192.8 200.9 210.1 219.5 228.6 238.8 250.5 263.0 275.7 288.4 300.5 311.9 322.5 332.5 341.7 350.3 358.0 365.0 371.1 375.9 380.0 383.5
446.6 437.9 429.3 421.5 414.2 407.3 401.3 397.0 395.1 395.2 397.0 400.7 405.7 411.8 418.4 423.7 426.9 428.7 430.4 432.2 434.4 436.1 437.1 436.4 433.8 428.8 420.8 409.9 396.0 380.0 364.6 349.8 335.0 319.9 305.4 291.7 278.4 265.2 252.0 240.0 229.6 221.2 214.1 207.2 199.8 192.0 185.1 179.8 177.2 177.0 179.1 184.2 190.3 198.1 207.0 216.7 226.5 235.8 244.9 255.2 266.4 278.0 289.8 301.2 312.2 322.7 332.7 342.2 351.1 359.3 366.5 372.4 377.0 380.8 384.1
459.2 449.8 440.4 431.0 421.9 413.0 404.8 398.0 394.5 392.7 392.3 394.0 397.0 400.7 404.6 407.3 408.6 409.1 409.2 409.5 410.3 411.0 411.4 410.7 408.9 405.3 399.5 391.1 379.8 366.2 352.5 339.2 325.5 311.1 297.7 285.6 274.3 262.9 251.1 240.6 231.6 224.0 217.3 210.5 203.0 194.7 187.3 181.7 178.7 178.0 250.0 188.2 194.0 202.3 211.9 222.1 232.5 242.2 251.5 261.4 271.7 282.3 293.1 303.7 313.9 324.1 333.9 343.2 352.1 360.2 367.3 373.0 377.4 381.1 384.2
472.6 462.7 452.7 442.0 431.2 420.7 411.2 403.2 397.5 393.7 390.9 389.6 389.7 390.3 391.5 392.1 391.7 390.9 389.6 388.4 388.1 388.0 387.6 386.6 385.1 382.6 378.6 372.3 363.5 351.8 339.6 327.5 314.7 301.9 289.8 279.6 270.1 260.7 250.9 242.0 234.4 227.7 221.5 214.9 207.2 198.4 190.6 184.7 181.2 180.8 184.1 188.9 196.6 206.0 216.1 226.8 237.7 248.1 258.0 267.9 278.2 288.4 298.6 308.4 317.9 327.2 336.3 345.2 353.7 361.4 368.0 373.4 377.6 381.0 383.7
485.8 475.4 464.9 453.4 441.4 429.6 419.3 410.7 404.0 398.2 392.8 388.6 385.3 382.4 380.9 380.0 378.2 376.3 373.5 370.7 369.5 368.4 367.0 365.3 363.8 361.8 358.9 354.0 346.9 337.1 326.8 316.4 305.2 293.9 283.1 274.9 267.2 259.6 251.8 244.5 238.1 232.4 226.7 220.3 212.5 203.1 194.8 188.5 184.7 183.9 186.3 191.7 199.8 209.5 220.1 231.2 242.4 253.2 263.7 274.3 285.0 295.3 305.2 314.7 323.6 332.3 340.6 348.6 356.2 363.3 369.2 373.9 377.7 380.6 382.8
497.3 487.0 476.7 464.7 451.7 439.2 428.4 419.5 412.3 405.2 397.6 391.1 385.6 380.8 377.1 374.0 370.7 367.2 363.4 359.5 356.3 353.3 350.6 347.7 346.0 344.1 341.3 337.1 331.5 324.6 316.4 307.8 298.7 289.4 280.9 273.8 267.1 260.9 254.6 248.5 243.2 238.2 232.9 226.6 218.8 208.6 199.7 192.9 188.5 187.0 189.2 194.9 203.2 213.0 223.9 235.3 246.9 258.0 268.7 279.8 291.5 302.4 312.4 321.7 330.3 338.2 345.7 352.8 359.6 365.7 370.7 374.6 377.7 379.9 381.5
507.2 496.9 486.4 475.0 461.9 449.2 438.0 428.5 420.2 412.2 403.9 396.3 389.7 383.7 378.3 373.5 368.8 363.9 358.9 353.9 349.0 344.2 339.9 335.9 332.9 330.6 327.7 324.1 319.8 314.9 309.1 302.7 295.7 288.7 282.3 276.5 270.6 265.6 260.0 254.4 249.5 245.0 240.0 233.7 225.7 214.9 205.0 197.5 192.4 190.3 192.2 198.0 206.3 216.2 227.3 239.0 251.2 262.4 273.2 284.5 297.4 309.0 319.4 328.6 336.9 344.1 350.9 357.3 363.2 368.4 372.4 375.5 377.7 379.2 379.9
517.4 506.6 495.8 485.6 473.1 460.2 448.5 438.3 429.4 420.7 412.1 403.9 396.9 390.2 383.5 377.1 371.0 364.7 358.6 352.4 346.3 340.3 334.6 329.5 325.4 322.1 319.1 315.9 312.9 309.4 305.4 301.0 296.3 291.7 287.5 283.2 278.6 273.7 268.3 262.6 257.5 252.9 247.5 240.8 231.8 220.9 210.6 202.3 196.3 193.5 195.0 200.6 208.9 218.8 230.0 241.8 254.0 265.7 276.5 288.1 301.1 315.1 325.5 334.6 342.6 349.4 355.8 361.6 366.7 371.1 374.1 376.4 377.7 378.3 378.1
526.0 516.3 506.1 495.4 483.5 471.5 459.4 449.5 440.4 431.4 422.2 413.4 406.3 399.9 391.7 384.2 376.8 368.8 361.3 354.2 347.1 340.1 333.5 327.6 322.5 318.7 315.7 313.3 311.1 308.7 306.1 303.4 300.9 298.5 295.8 292.7 288.8 284.2 278.7 273.0 267.5 262.2 256.2 248.8 239.2 227.5 216.5 207.3 200.5 196.7 197.5 202.8 210.9 220.7 231.7 243.3 255.2 267.0 278.6 290.9 305.1 318.8 330.9 340.2 347.9 354.6 360.6 365.6 369.9 373.2 375.6 377.0 377.7 377.4 376.2
