MODFLOW/OUTPUT/head_3_ascii.asc
ncols         406
nrows         328
xllcorner     595500
yllcorner     4015200
cellsize      100
NODATA_VALUE -999.0
[rows 132 to 164 of 328, columns 300 to 374 of 406]
680.9 686.1 687.0 686.2 685.9 688.3 680.8 681.3 682.3 685.0 687.4 692.8 684.3 679.3 677.5 676.3 675.4 673.8 667.8 657.1 650.9 645.5 638.0 633.5 629.0 625.7 625.7 628.8 633.0 642.3 651.3 652.5 663.0 680.3 698.2 710.0 727.3 748.6 765.5 787.9 804.1 806.5 818.1 829.2 837.2 839.3 841.5 845.8 838.5 832.5 825.9 820.6 816.1 817.9 818.7 819.9 821.7 821.8 813.3 812.3 808.1 804.0 800.8 799.2 810.4 823.4 835.4 842.9 851.6 858.2 863.4 867.1 869.8 871.1 872.0
679.9 680.0 679.8 680.1 680.6 678.6 668.5 670.7 676.3 684.2 678.9 680.8 675.9 672.6 670.3 666.7 660.8 652.7 643.6 638.3 632.6 629.4 626.6 623.2 621.6 619.4 622.7 631.8 638.2 646.5 655.1 659.9 665.3 674.7 691.8 707.4 725.2 743.2 757.9 776.4 788.2 798.8 811.1 819.7 826.7 831.7 836.2 843.6 837.3 831.0 820.6 813.2 806.9 809.2 809.5 811.2 812.7 807.2 803.6 801.8 799.8 794.8 791.6 793.7 807.2 820.0 832.0 841.0 850.0 858.1 863.6 868.0 870.4 871.5 -999.0
686.4 677.5 675.3 674.9 671.7 667.1 658.5 658.7 661.3 666.0 664.3 668.9 667.1 664.3 658.1 644.4 637.8 631.7 629.0 625.7 620.7 617.6 615.3 612.5 612.9 616.8 625.7 635.7 643.7 651.2 661.0 666.2 671.9 676.7 686.4 703.2 720.9 735.2 750.6 765.8 778.9 793.1 807.4 813.9 821.6 827.2 833.7 838.3 837.1 830.4 811.7 802.7 796.7 792.1 794.1 795.6 797.7 796.7 796.2 793.4 790.2 785.4 776.8 789.0 805.2 818.0 828.3 839.8 849.6 858.1 864.1 869.9 872.0 872.1 -999.0
668.6 666.4 663.4 660.1 656.0 643.9 640.3 641.8 644.4 648.6 647.4 660.0 654.7 650.4 640.0 628.8 622.0 619.1 617.1 614.5 612.1 609.3 606.6 607.9 608.4 619.5 625.5 640.9 650.1 657.3 664.7 674.2 678.8 683.8 688.9 700.9 715.0 728.5 742.6 756.5 772.9 787.9 800.8 810.3 818.3 824.9 829.1 827.1 830.4 826.3 807.5 794.3 786.2 779.1 782.8 784.6 787.3 789.6 792.1 785.1 780.2 777.2 780.0 793.1 802.4 815.8 828.8 840.3 850.1 858.6 865.9 873.2 874.7 -999.0 -999.0
650.9 653.8 654.9 653.1 643.8 624.6 617.0 619.1 620.8 621.2 622.9 635.7 636.2 631.3 621.3 613.9 610.1 609.6 606.3 604.1 603.1 601.3 603.5 611.3 619.2 629.7 637.6 655.5 659.8 663.2 668.4 678.8 686.7 692.3 696.7 706.0 717.0 729.9 741.7 754.0 768.9 783.3 795.7 807.4 820.0 824.5 823.9 823.6 823.4 817.0 798.9 784.1 774.6 766.6 776.1 774.6 774.5 776.3 778.9 773.6 771.2 774.9 780.6 792.1 796.1 818.6 835.3 849.6 861.0 869.6 876.8 881.9 878.9 -999.0 -999.0
641.8 643.8 644.8 642.1 619.2 604.7 599.7 597.5 597.4 603.0 610.2 616.7 616.4 609.9 603.5 600.8 597.7 595.6 594.5 592.5 595.6 598.7 604.1 614.8 624.7 635.2 644.2 656.4 667.2 667.0 669.6 675.8 698.2 698.9 701.9 708.2 720.2 729.4 739.4 750.2 763.3 777.0 791.6 808.3 825.8 827.1 823.2 821.1 816.3 781.3 777.3 775.8 761.9 746.3 750.9 757.7 760.0 762.3 767.4 761.3 767.8 781.4 791.8 801.4 811.2 830.2 846.3 860.6 872.9 883.4 892.6 898.7 -999.0 -999.0 -999.0
623.9 620.7 616.8 618.9 600.1 583.1 582.6 581.8 582.5 588.6 593.3 596.0 595.2 589.3 586.2 583.2 581.3 583.3 584.9 589.4 598.3 605.7 610.8 618.3 628.6 638.9 649.1 657.9 667.6 667.9 670.0 673.8 693.3 694.7 694.9 703.8 718.6 726.0 731.8 742.1 753.2 767.5 785.8 808.5 837.8 831.9 821.8 816.6 808.6 774.4 765.6 760.5 752.8 743.0 739.0 743.9 744.3 746.3 752.7 748.0 771.8 789.9 802.4 814.9 824.7 839.0 855.8 868.9 881.2 894.5 908.4 923.7 -999.0 -999.0 -999.0
595.2 586.3 585.4 581.1 565.3 566.8 564.3 565.5 565.4 570.0 571.8 573.8 574.5 574.5 572.2 569.7 561.5 574.7 582.4 592.6 602.5 613.0 617.9 623.0 631.0 642.1 651.5 657.5 664.0 667.0 669.6 673.6 691.1 692.6 688.8 690.5 701.6 711.6 718.9 730.5 742.1 757.9 776.1 795.9 814.3 814.7 812.6 809.5 798.0 769.3 758.8 752.5 744.9 735.7 729.3 735.3 730.2 742.5 761.7 771.2 786.5 801.8 813.8 830.7 843.7 853.5 863.4 873.7 886.7 901.4 914.3 929.3 931.2 -999.0 -999.0
560.9 557.6 553.3 542.1 541.0 545.5 547.6 546.7 546.8 551.6 553.6 555.9 558.0 560.8 561.2 563.8 566.3 577.9 588.9 600.3 609.6 621.0 622.0 626.7 633.7 644.6 652.3 656.9 662.3 666.0 668.9 672.1 682.4 680.8 681.0 681.9 687.2 696.8 704.8 719.4 730.4 745.4 765.8 784.9 798.5 800.0 798.6 796.3 789.8 765.1 754.3 750.6 737.9 725.4 717.2 717.8 713.8 747.8 788.3 794.0 798.3 814.4 826.8 844.2 864.6 877.7 878.0 885.4 895.0 906.0 919.1 928.8 932.9 -999.0 -999.0
531.8 528.9 526.7 523.6 524.7 526.2 530.3 530.9 529.8 533.4 538.8 542.0 544.5 552.4 559.4 567.1 573.6 582.3 591.7 600.8 609.9 617.8 622.0 627.4 635.6 644.4 652.7 656.3 660.9 665.8 667.1 654.7 657.7 665.5 669.6 673.7 673.3 679.8 688.7 708.2 714.0 731.3 749.8 765.6 776.8 780.4 785.0 784.1 779.3 763.7 743.3 736.8 726.3 713.4 707.5 716.9 726.0 748.7 777.0 794.8 805.1 822.8 840.5 859.1 881.2 896.9 894.1 896.3 903.6 913.6 924.8 934.0 941.4 948.7 -999.0
509.1 506.9 506.7 507.9 509.8 510.9 515.7 513.8 520.9 531.5 538.2 540.8 536.0 555.0 567.7 573.2 579.1 586.7 594.4 601.9 609.2 617.0 622.1 627.4 639.6 645.6 652.6 656.1 654.4 645.9 648.9 646.1 647.3 653.8 657.9 658.6 654.2 659.6 665.6 680.1 693.7 716.0 733.5 743.9 753.0 761.9 766.0 766.8 740.8 734.2 728.5 720.8 711.2 699.5 693.6 715.4 730.9 747.7 770.4 797.2 811.1 828.6 852.8 872.1 892.8 913.4 907.6 908.3 913.3 922.8 934.7 946.1 951.7 954.7 -999.0
489.1 490.5 490.4 492.3 498.8 493.1 499.4 499.1 519.1 532.7 542.3 547.6 553.0 566.1 579.8 579.6 584.7 590.4 597.3 603.1 609.7 616.5 626.2 634.6 641.6 636.9 632.9 647.5 631.4 629.2 632.6 638.4 640.7 641.3 642.9 643.1 637.9 640.1 652.1 666.1 685.7 704.2 716.5 725.1 733.5 740.4 752.3 748.1 723.6 719.2 718.8 709.6 700.9 695.3 703.0 717.2 733.6 749.4 766.9 795.3 828.0 840.1 861.4 879.3 895.3 907.8 911.8 918.3 924.3 933.8 949.6 963.7 974.3 975.3 -999.0
470.1 478.6 474.6 473.0 478.7 475.3 497.8 507.9 522.6 538.3 550.8 555.6 561.9 571.9 579.1 581.8 587.5 595.5 599.6 606.2 611.8 624.3 631.6 634.7 636.4 623.9 623.2 623.0 622.2 620.1 622.9 630.3 636.6 630.8 628.4 624.4 619.7 622.9 642.5 659.0 678.1 690.9 699.9 709.2 717.2 727.7 734.0 741.5 714.9 709.5 707.9 702.8 690.4 692.5 706.1 721.9 736.2 754.7 774.2 794.2 831.4 849.7 871.4 884.9 898.5 909.0 916.5 925.1 935.7 949.5 965.1 979.3 983.7 988.1 994.2
449.0 452.6 458.1 467.0 481.2 492.1 510.0 524.7 536.7 547.0 560.8 568.6 571.0 577.9 585.0 586.2 601.7 610.0 611.2 616.7 620.4 624.0 627.0 628.6 626.1 618.8 619.8 620.2 616.4 610.7 610.6 618.3 626.8 619.7 614.9 609.7 607.5 618.2 632.8 651.4 667.3 676.7 688.4 697.1 704.6 712.5 713.2 724.3 706.7 701.6 703.2 701.9 686.8 696.6 712.9 726.5 738.9 758.4 795.6 817.6 841.9 858.2 882.0 894.2 905.8 913.6 921.5 931.9 945.9 962.6 974.1 986.0 990.8 996.4 997.4
432.6 443.7 460.5 472.6 492.4 508.7 527.1 543.8 560.9 566.9 574.9 585.1 586.2 593.3 600.0 602.9 605.7 608.0 609.8 611.6 614.8 617.5 619.1 619.1 616.6 613.7 617.8 621.8 608.2 600.4 598.0 601.4 602.9 603.4 600.0 593.8 590.3 609.9 624.8 642.3 657.8 661.3 672.0 680.7 685.5 683.3 690.3 708.2 696.0 690.5 683.8 677.3 679.9 699.1 719.2 729.0 741.9 760.6 793.8 831.9 843.4 849.4 866.3 894.2 902.7 922.8 928.8 939.4 952.6 965.3 979.2 992.2 996.2 1003.8 1000.0
418.7 443.8 467.1 485.4 504.6 520.9 535.9 552.1 575.0 596.9 597.6 599.1 598.6 597.5 599.8 601.3 602.4 602.5 587.9 581.1 605.3 607.6 608.4 587.4 585.5 595.1 596.2 593.5 588.7 583.2 581.8 584.5 585.0 588.6 588.0 585.3 590.2 600.4 613.2 625.1 631.3 642.4 653.3 661.6 663.1 666.9 677.2 676.2 668.6 668.8 666.5 667.2 677.8 697.4 718.3 730.5 747.9 780.3 813.4 830.2 835.3 843.4 868.3 886.6 891.5 905.2 924.3 939.0 951.0 962.1 979.5 978.4 986.3 995.1 997.5
424.1 445.5 469.0 492.9 515.3 530.9 545.0 565.6 593.8 606.9 612.0 606.3 603.1 602.1 596.5 596.1 595.4 592.6 570.5 570.7 577.9 589.7 596.9 577.1 569.5 572.6 576.1 570.4 566.2 566.5 567.4 569.9 571.2 575.7 577.4 577.6 582.6 591.5 603.0 613.1 613.9 626.9 636.4 644.7 649.8 654.7 663.5 665.9 654.4 650.4 642.0 659.9 679.3 700.1 717.6 733.1 757.3 792.6 822.7 829.1 832.7 845.0 868.7 878.8 885.7 897.0 912.9 931.2 942.4 951.9 958.0 958.7 977.9 990.5 995.6
426.1 444.6 464.7 489.1 516.4 537.2 554.0 575.6 603.5 615.6 624.9 611.6 606.4 603.0 589.1 587.4 579.2 571.9 565.9 563.8 563.3 574.1 578.1 559.1 556.1 553.8 553.2 549.2 540.3 549.1 556.2 558.5 562.9 566.0 569.2 572.1 576.2 582.7 590.5 594.0 595.8 609.7 619.1 630.3 639.5 643.0 649.5 649.3 646.1 642.6 646.7 670.1 681.2 699.6 721.7 738.9 767.0 804.2 831.9 831.4 830.8 843.0 858.6 871.4 879.8 890.0 904.7 921.3 934.8 944.2 949.4 960.6 975.8 990.1 994.6
426.5 442.9 460.6 481.7 505.9 533.5 555.7 573.5 590.7 596.3 604.2 603.0 601.6 581.2 571.1 562.6 559.9 560.8 563.5 557.3 555.0 554.0 553.1 542.9 543.6 541.5 536.1 538.9 541.6 547.5 553.2 558.0 563.5 567.3 570.4 573.4 576.8 580.7 583.2 583.6 585.9 597.2 607.0 615.1 623.0 630.8 634.7 635.9 635.0 628.4 643.5 664.4 680.9 699.1 718.9 741.6 768.6 787.9 800.7 810.2 819.5 831.5 847.3 866.7 875.6 882.3 895.7 910.9 928.5 930.1 943.1 959.9 978.1 997.1 995.5
425.1 440.1 456.6 474.7 494.0 517.2 540.8 556.4 567.4 570.3 572.4 572.1 565.5 566.7 547.1 542.0 548.2 548.5 550.8 545.7 541.8 536.4 532.1 530.7 531.3 533.1 532.9 538.4 548.4 555.8 564.6 572.2 578.1 586.6 590.6 591.4 591.4 591.6 588.2 577.1 572.5 592.2 598.7 601.0 612.0 621.8 627.1 630.1 630.4 633.7 651.7 663.8 679.7 696.1 710.6 727.7 751.9 769.2 779.8 793.9 802.6 817.1 832.0 844.1 857.9 870.9 883.7 896.5 906.5 913.4 938.4 957.1 973.6 987.3 992.9
422.9 436.6 452.6 468.3 485.9 502.5 518.6 534.0 540.4 545.1 546.0 538.2 533.0 532.1 530.9 529.6 530.9 532.1 532.8 529.3 526.4 521.8 519.8 517.7 518.7 527.3 535.4 546.9 560.2 569.5 578.8 588.7 595.8 604.4 612.1 612.6 609.5 606.1 604.0 601.3 601.8 604.6 602.5 587.4 608.9 619.1 624.2 628.1 631.1 632.3 649.5 661.0 677.9 691.8 703.9 718.3 734.1 751.0 761.7 776.7 787.7 800.7 810.0 817.0 842.1 859.9 868.9 885.5 901.6 923.0 941.7 957.3 972.4 984.2 992.0
426.8 438.2 450.4 463.3 477.4 490.4 501.7 513.7 520.1 525.4 523.7 518.4 516.1 516.1 518.9 520.8 518.3 516.3 516.1 510.3 511.7 512.6 511.4 505.1 521.5 533.9 551.0 562.6 571.4 582.7 596.8 605.9 614.2 623.2 633.1 632.1 629.3 624.2 624.5 624.7 627.1 624.3 622.8 620.3 628.9 636.9 638.3 642.5 644.2 655.4 663.7 668.7 678.1 688.2 699.2 709.8 720.6 733.5 746.9 760.4 774.6 788.4 801.0 812.9 828.2 846.5 857.2 884.5 909.2 932.4 949.0 960.9 973.0 985.2 1000.0
428.8 438.1 448.8 459.5 470.2 478.9 489.6 501.3 504.0 507.7 507.1 503.3 502.1 502.5 509.0 517.7 507.8 502.2 499.5 498.3 500.5 505.9 510.8 517.8 541.7 560.2 568.5 583.0 585.9 592.8 605.9 624.4 633.4 643.8 652.5 651.2 648.7 645.9 648.0 650.2 648.2 643.7 644.7 646.2 653.6 659.3 659.0 660.9 663.3 676.4 684.6 687.1 693.3 703.0 712.8 719.9 727.5 736.4 748.2 765.4 780.1 797.9 812.1 824.7 832.0 854.9 875.1 896.2 920.8 946.3 960.1 965.5 974.9 987.4 1011.9
430.1 437.4 445.3 453.4 460.8 467.9 476.5 485.4 489.1 490.3 490.2 489.1 488.8 488.2 490.2 496.3 490.3 487.2 478.9 492.3 502.3 516.1 525.4 536.4 554.7 583.1 584.7 599.2 598.5 604.2 614.1 638.3 653.7 662.2 672.7 669.4 668.0 669.5 671.7 671.7 668.7 667.6 668.3 670.6 675.4 682.3 679.4 682.8 685.9 693.5 703.7 706.0 710.8 721.9 732.4 741.9 750.3 757.7 769.4 781.6 794.0 809.9 827.7 839.1 853.5 870.1 889.6 909.1 928.8 948.7 960.7 969.7 980.1 996.7 1017.0
429.8 434.8 440.3 445.7 450.9 455.2 463.2 471.1 474.5 475.0 475.2 475.5 475.9 475.3 473.6 472.6 475.9 480.0 485.0 499.2 518.1 536.9 544.2 552.7 563.6 578.7 590.3 599.5 606.5 615.6 630.9 654.6 669.1 679.6 695.0 685.8 683.9 688.9 691.2 691.4 689.9 690.5 691.3 689.9 689.0 693.6 700.0 710.2 719.7 716.3 724.6 729.5 732.6 744.9 751.8 759.9 771.6 776.8 787.0 797.8 814.0 827.6 843.3 859.1 872.0 890.8 908.9 930.2 945.0 958.4 970.0 978.3 989.4 1010.8 1025.3
426.7 430.9 434.8 438.3 441.1 446.0 454.1 460.3 462.1 462.1 464.5 462.7 461.4 459.6 458.8 464.2 476.5 487.2 499.3 517.2 538.0 566.5 563.1 566.7 575.4 582.6 595.6 607.1 616.9 630.0 647.1 664.8 684.1 689.8 694.9 695.6 699.7 707.9 709.5 709.5 709.9 709.6 710.2 710.3 709.1 710.1 719.3 730.6 735.0 735.7 745.4 755.4 767.9 771.8 771.6 776.5 784.4 791.1 805.7 815.6 832.7 844.1 858.7 879.8 896.9 922.1 939.6 957.2 969.7 975.0 980.8 990.2 1002.8 1021.1 1027.1
421.2 425.5 429.2 431.8 434.4 439.6 444.9 447.5 448.8 449.0 449.3 448.6 446.7 445.8 452.2 465.6 478.7 493.6 509.1 530.7 550.7 575.1 571.7 575.1 585.5 592.1 611.7 629.7 639.1 651.3 666.4 681.4 697.1 701.8 701.4 706.4 716.7 724.3 725.5 727.9 730.4 728.3 728.2 731.1 737.9 734.3 748.0 750.8 754.9 756.9 764.0 774.2 784.7 796.5 798.1 798.8 802.0 808.8 828.3 837.3 854.0 863.6 877.6 900.1 928.6 951.9 967.0 979.3 985.6 986.7 989.2 995.6 1005.7 1020.3 1028.8
413.9 418.8 422.6 424.7 428.0 432.6 436.0 437.3 438.2 436.9 434.0 433.9 433.5 440.0 455.2 469.9 482.9 496.9 514.3 533.4 551.7 567.9 573.1 580.8 595.3 611.9 633.8 658.3 670.7 678.7 685.1 698.2 706.1 713.1 719.4 720.9 735.0 740.0 743.5 745.5 750.5 748.2 746.8 750.5 760.2 768.5 777.6 773.8 774.2 779.6 783.1 788.5 798.4 813.5 827.1 827.3 834.8 835.9 856.2 864.2 880.2 886.5 903.6 927.8 947.6 965.7 980.7 995.1 1001.8 996.4 997.1 1000.9 1011.3 1023.6 1028.9
406.7 411.9 415.6 418.8 422.8 426.0 427.9 428.5 428.1 426.3 422.0 420.9 428.9 443.8 459.2 473.8 486.6 501.0 516.1 530.2 546.2 563.9 575.6 586.2 603.1 622.6 645.5 666.4 679.1 685.1 693.5 705.4 710.7 718.6 740.9 751.3 754.4 755.1 756.6 759.6 768.5 764.1 764.1 770.5 782.7 793.8 799.3 797.6 792.8 793.5 797.3 802.5 816.1 833.9 851.3 865.9 870.1 875.4 885.3 895.3 908.2 917.0 932.9 948.1 959.2 973.0 986.1 994.9 997.7 998.2 1000.4 1007.5 1017.7 1024.4 1028.1
400.3 405.2 408.6 413.1 417.4 419.7 420.3 420.0 418.9 417.1 413.2 406.2 429.3 448.4 463.9 479.8 489.5 502.5 516.1 529.3 543.1 557.4 578.3 590.4 608.3 628.9 646.9 666.9 679.1 687.6 698.5 706.8 714.4 728.4 751.9 758.8 765.9 767.8 768.4 770.8 773.0 773.2 776.1 786.0 802.6 811.5 818.2 817.8 813.6 812.8 817.0 820.5 831.8 855.8 870.5 879.4 883.7 892.4 907.9 912.9 919.8 936.6 947.7 957.5 966.2 974.6 983.8 990.1 994.7 999.1 1004.6 1012.7 1017.2 1021.7 1024.8
394.4 399.1 403.4 409.1 412.8 414.0 413.4 411.8 410.1 409.4 411.4 417.4 431.4 447.5 462.4 477.1 489.7 504.0 517.6 529.8 542.4 557.5 574.9 589.0 611.0 631.3 647.1 665.6 679.2 689.9 700.8 709.0 720.2 736.6 753.6 762.3 774.2 781.4 783.2 783.5 783.8 783.7 787.9 804.3 820.5 823.7 828.1 830.6 831.8 835.0 840.2 848.9 861.7 877.4 885.0 889.4 894.5 905.5 914.4 919.9 928.7 942.9 953.3 962.1 964.1 971.1 979.5 986.8 992.6 1000.0 1008.9 1013.6 1017.2 1020.7 1021.9
392.6 396.6 400.6 404.6 406.8 407.3 405.8 403.3 399.4 404.7 411.9 420.3 431.7 445.4 459.9 475.3 489.1 504.2 518.4 529.9 542.9 557.5 572.1 587.8 610.9 628.4 646.5 664.0 677.5 691.5 705.0 712.8 728.6 744.6 755.5 766.7 783.5 794.4 798.4 797.0 796.7 799.7 805.5 819.7 826.7 831.5 835.7 838.9 842.2 846.6 851.7 863.9 880.3 889.7 896.9 898.6 902.5 910.6 917.7 924.4 933.4 944.5 955.3 953.1 959.1 966.6 975.6 984.0 991.6 998.9 1008.9 1014.0 1017.5 1021.0 1019.9
389.1 392.5 395.5 397.4 399.0 399.1 398.7 398.2 397.8 402.5 411.0 419.3 429.8 442.6 457.0 471.5 486.7 503.7 519.9 529.7 542.2 556.0 570.3 588.2 607.3 624.3 644.3 657.9 670.7 685.3 700.1 714.8 735.0 747.2 758.4 774.2 790.5 800.5 804.6 803.0 802.4 804.9 810.7 822.2 831.3 836.8 842.2 845.4 847.6 851.6 859.4 871.9 888.6 900.1 910.1 905.1 905.5 911.3 918.4 928.0 933.8 942.8 940.9 939.8 953.9 963.4 972.2 983.0 989.3 996.5 1005.9 1010.8 1016.9 1024.8 1018.0
