GIS/soils/K_soils.txt
ncols         406
nrows         328
xllcorner     595500
yllcorner     4015200
cellsize      100
NODATA_value  0
[rows 168 to 195 of 328, columns 310 to 371 of 406]
0.000969942 0.000842856 0.000322398 0.000148321 0.000137527 0.009747408 0.011735447 0.000128095 0.000111852 0.000129137 9.08805E-05 8.82072E-05 8.79371E-05 0.000147383 0.000262763 0.002478502 0.013594014 0.01212842 0.013258964 0.013026849 0.014136885 0.013481764 0.013890807 0.016797882 0.018960083 0.01382729 0.016507594 0.015554878 0.015273138 0.010389965 0.010356066 0.00795917 0.01712859 0.030147487 0.019977728 0.012521773 0.016167056 0.018237229 0.021936139 0.012063569 0.013169381 0.013783633 0.009592425 0.008241278 0.020073526 0.018246433 0.016713157 0.012746379 0.012243962 0.011180106 0.010678679 0.010334624 0.009562726 0.0102573 0.010085382 0.007731226 0.006938982 0.00750484 0.011823193 0.01970798 0.015771352 0.01692673
0.00148468 0.001281689 0.00137878 0.000964403 0.000206913 0.000217852 0.012944711 0.018328758 0.002414295 8.98252E-05 8.27732E-05 8.51309E-05 0.000110764 0.00014128 0.000474074 0.008944471 0.010691767 0.010447501 0.011195282 0.014075493 0.015851419 0.01855446 0.015985781 0.021516604 0.014689912 0.014550575 0.014596662 0.013036695 0.0147434 0.014488206 0.019202832 0.014480256 0.01338789 0.01242853 0.011428127 0.011280141 0.010853429 0.015853493 0.015939608 0.014615241 0.020361573 0.012293156 0.008351808 0.00902066 0.029086865 0.015236464 0.011025581 0.010314569 0.009911045 0.010195138 0.00847062 0.010744988 0.009450642 0.010958115 0.011488132 0.013077836 0.008980637 0.004728469 0.013765828 0.014399707 0.025061719 0.022381606
0.001272473 0.000933586 0.001066494 0.001310784 0.001314072 0.000789411 0.000201423 0.001006943 0.004676894 8.58117E-05 8.96983E-05 0.000117378 0.000150448 0.000152059 0.004226141 0.010319321 0.013130273 0.012561106 0.020514421 0.0160033 0.014000595 0.01109435 0.020854872 0.015482233 0.013994117 0.015613114 0.015304415 0.016095927 0.018777534 0.022176389 0.020016426 0.017514061 0.024442801 0.021555239 0.018185344 0.014425599 0.015498436 0.015895708 0.01558235 0.0194369 0.014206763 0.01158761 0.007507186 0.010357329 0.014276813 0.01080512 0.008397131 0.010037781 0.011284005 0.009203112 0.00945459 0.013846156 0.009160327 0.016377661 0.012384395 0.015631313 0.013665779 0.011265314 0.008669571 0.012597718 0.015304254 0.021271728
0.001296439 0.000984099 0.00114727 0.001530141 0.001511551 0.001185549 0.001331657 0.000622154 0.000151949 0.000155766 0.000123597 0.000168494 0.000145069 9.2913E-05 0.000423666 0.000365971 0.005806537 0.022542229 0.016042938 0.016768431 0.019535009 0.015232506 0.014872766 0.019955069 0.014981911 0.019864375 0.01891998 0.021473823 0.018573457 0.018409429 0.021794176 0.018238794 0.020184999 0.022460764 0.020324217 0.015291722 0.019088304 0.018269476 0.015981548 0.016097154 0.010824312 0.006065326 0.013143696 0.013593064 0.010579244 0.010582436 0.008581407 0.008972978 0.0090325 0.011278831 0.011065055 0.011300466 0.013454657 0.012700752 0.023124933 0.015332585 0.020327101 0.020071708 0.012152666 0.015477456 0.014551028 0.014590921
0.00092017 0.000786386 0.000962762 0.001829263 0.001662876 0.00143849 0.000982404 0.001234699 0.000396769 0.000145832 0.000145848 0.000156928 0.000135342 8.59035E-05 0.00012823 0.000161112 0.002833642 0.011827369 0.009455007 0.013177912 0.008572583 0.009829292 0.015421389 0.02119022 0.019684108 0.017827388 0.019396177 0.014585461 0.015032547 0.012723692 0.012825748 0.01486588 0.012112344 0.018213339 0.017414004 0.018614102 0.020185145 0.015611329 0.021674257 0.015574095 0.007410253 0.009838144 0.016405389 0.014325175 0.010079595 0.01178811 0.008692094 0.010003884 0.01374098 0.01007477 0.007768893 0.009992772 0.010340866 0.010011466 0.016857227 0.024724176 0.022493791 0.015677094 0.014657748 0.01898049 0.025853945 0.019644322
0.00106932 0.000809311 0.000967512 0.000983855 0.000946661 0.001106512 0.001312959 0.00141627 0.001604964 0.000881015 0.000178626 0.000155065 0.000105626 9.67445E-05 0.000119921 0.000145118 0.000546363 0.005141778 0.006051236 0.00108308 0.002018591 0.001796293 0.018894913 0.018307639 0.020873716 0.014813498 0.012711596 0.015412857 0.018554736 0.013515215 0.016396813 0.017817583 0.013638996 0.011680062 0.013332536 0.012277189 0.015597738 0.010047636 0.014155438 0.013400087 0.015520507 0.017625943 0.020811139 0.017038219 0.012197439 0.009961207 0.008925382 0.010684708 0.007582905 0.008610644 0.007531453 0.00814189 0.009526372 0.013210608 0.017132992 0.018518504 0.017294107 0.023625381 0.01679023 0.016631242 0.020689422 0.019185198
0.002781237 0.001373115 0.001692442 0.00106763 0.000642393 0.000879489 0.000803433 0.00121257 0.001365563 0.001181468 0.00073983 0.000801422 0.00103285 0.000114337 0.000149583 0.000126072 0.000160186 0.000298491 0.00117886 0.012398768 0.017928738 0.00938127 0.015042837 0.01669261 0.021920884 0.013863082 0.013452073 0.013550431 0.014308744 0.018945131 0.018900227 0.019569805 0.019967653 0.021575132 0.015778717 0.012887464 0.011240676 0.013491386 0.009874877 0.01233842 0.020055052 0.018844215 0.014686359 0.016153323 0.012314315 0.006508941 0.007121267 0.009960096 0.009441166 0.011735213 0.008689074 0.008427858 0.008746668 0.009751624 0.012839395 0.013811772 0.016888889 0.02355101 0.019035535 0.016259054 0.02352073 0.015102043
0.040289637 0.001180633 0.001119338 0.001794841 0.001523255 0.001493098 0.001069919 0.001028618 0.001355341 0.001221342 0.002689235 0.009873399 0.015967222 0.00013907 0.000132399 0.000109148 0.000164757 0.000270329 0.006529099 0.017163783 0.013773486 0.01360938 0.012499675 0.018761529 0.012494079 0.014443363 0.019873926 0.016468724 0.013089282 0.01665676 0.018704198 0.018372944 0.017198293 0.016075389 0.01465854 0.01132142 0.012759951 0.012183103 0.009124906 0.011228888 0.0118444 0.015668258 0.012455314 0.015767613 0.017987279 0.010348042 0.010804159 0.007631181 0.009074177 0.010489688 0.010592937 0.013365216 0.010804679 0.01729415 0.046218965 0.022008091 0.015312948 0.016502092 0.025480308 0.015647564 0.018944528 0.0135884
0.082701936 0.001642688 0.000980371 0.000799666 0.001421935 0.002119974 0.002300748 0.001981321 0.001844424 0.002088347 0.002800144 0.04366475 0.000717035 8.37949E-05 9.32171E-05 8.75246E-05 8.81525E-05 9.07421E-05 8.90741E-05 0.003407946 0.012463908 0.013293575 0.017186983 0.012856498 0.005106002 0.006204912 0.01227396 0.010773322 0.013510216 0.017998505 0.017784895 0.016144896 0.014621912 0.013126173 0.009811346 0.010105068 0.012131863 0.017671403 0.019030316 0.015907738 0.010119079 0.013381952 0.011680162 0.0091378 0.010161817 0.011156815 0.009613782 0.011065658 0.010739125 0.011135719 0.010666816 0.008978416 0.009302002 0.016199727 0.022579884 0.021926837 0.022029337 0.013363878 0.022311229 0.018156668 0.018468842 0.012670034
0.071448036 0.040073581 0.007795912 0.006553232 0.002980625 0.03872266 0.022610208 0.008164037 0.004264167 0.002169151 0.002333552 0.080132931 0.000349912 0.000125988 0.000109997 0.000139721 0.000162417 0.00015559 9.43078E-05 0.000324113 0.020709876 0.021815775 0.013059427 0.005003021 0.000227856 0.000201708 0.004677719 0.016676359 0.021192813 0.021863902 0.015831377 0.0137774 0.011812274 0.011344409 0.011636003 0.017779982 0.021768583 0.020283746 0.01791407 0.018090198 0.013651091 0.013553481 0.01509781 0.009560378 0.008377442 0.009682897 0.007561714 0.012813257 0.015226157 0.009910485 0.010707486 0.012566867 0.008569218 0.011934979 0.010923252 0.011689551 0.013386139 0.012782831 0.02304838 0.025605153 0.018717425 0.012067508
0.050172489 0.050706744 0.02108313 0.009600622 0.024295077 0.066449501 0.076511085 0.084222734 0.057088133 0.002105486 0.007968195 0.061561998 0.00113191 0.000148938 0.000159176 0.000137975 0.000113034 0.000122364 0.00016027 0.000147102 0.008790101 0.011538961 0.006213546 0.000973812 0.000283369 0.000231219 0.004182107 0.01833423 0.02066689 0.016157303 0.013702828 0.010631 0.009814651 0.012879339 0.019416492 0.018376818 0.019202027 0.01982812 0.013931961 0.009971336 0.01411963 0.01417481 0.011264254 0.008426937 0.008380198 0.008521074 0.008139345 0.012126747 0.010336183 0.008695317 0.01033342 0.010868399 0.014424114 0.013359829 0.016628217 0.017454738 0.014828257 0.014417031 0.014010061 0.023876404 0.016562751 0.013345682
0.050948665 0.032278609 0.009391639 0.010336835 0.01258317 0.07234481 0.070591658 0.070997484 0.058766149 0.003261639 0.016883871 0.051311504 0.000115625 0.000128989 0.000111542 0.000122055 0.000133388 0.000142147 0.000157818 0.000695499 0.028815409 0.022201937 0.004272963 0.000290188 0.000278201 0.007992749 0.01888757 0.019217134 0.012970751 0.015317863 0.017684292 0.013439723 0.00900212 0.021959806 0.019917455 0.020746775 0.019933773 0.014114442 0.016004287 0.012929998 0.011677321 0.013740424 0.009685878 0.006773524 0.007985658 0.007735066 0.012851127 0.011002648 0.012186536 0.011740568 0.012003301 0.012141828 0.009022132 0.020270931 0.025585027 0.019256547 0.01287175 0.013211478 0.013074309 0.013061614 0.01352808 0.011380242
0.060627934 0.022323729 0.007500339 0.011142428 0.009660248 0.055441383 0.059547566 0.06242488 0.045040306 0.006804214 0.00944684 0.015058418 8.57075E-05 0.000212668 0.000290837 0.000176007 0.000143921 0.000148496 0.000385548 0.022735236 0.053910568 0.052576721 0.065435514 0.006016242 0.000259747 0.010191536 0.019560859 0.016416548 0.013328127 0.013433113 0.013995063 0.011461787 0.024975114 0.0215913 0.020464558 0.016070142 0.012857732 0.015791377 0.012814331 0.013141525 0.013240983 0.015983844 0.010710696 0.007825291 0.008305672 0.015852816 0.012975639 0.012759987 0.012849327 0.011031187 0.010078049 0.00803436 0.008281044 0.008875183 0.013821309 0.016502349 0.012144733 0.012671098 0.012123974 0.012240564 0.012815278 0.011719993
0.018485697 0.027268715 0.008534151 0.009044058 0.009558581 0.018757958 0.018724335 0.013916865 0.013027317 0.013268566 0.011317462 0.00359873 9.34232E-05 0.000461337 0.001244202 0.000816568 0.000147561 0.000411835 0.001411385 0.009121358 0.054104041 0.049610086 0.069997936 0.049537886 0.000339625 0.007674801 0.014058128 0.012454453 0.009413166 0.01461103 0.018450562 0.01941211 0.019310644 0.021549912 0.015706915 0.012296269 0.011292179 0.013470626 0.013708901 0.010880081 0.013224297 0.01140507 0.0088414 0.015557361 0.017819732 0.017200602 0.012003168 0.011173009 0.010444886 0.009059113 0.007876847 0.00442071 0.007670453 0.01015347 0.011962086 0.0091368 0.012465152 0.013195643 0.018310899 0.011772792 0.012166769 0.011546315
0.01035181 0.012554568 0.011117117 0.006425482 0.016522374 0.008656633 0.008171548 0.007750717 0.013636438 0.0332538 0.040890466 0.00029905 0.000152201 0.000128551 0.000771995 0.001484336 0.00040522 0.001224483 0.00098279 0.004684873 0.044351377 0.070661671 0.088853963 0.059496991 0.009019211 0.00249984 0.005518499 0.001366959 0.002190491 0.009517264 0.017990276 0.022210769 0.02243809 0.015507044 0.013758601 0.012789971 0.012819349 0.01203825 0.011396261 0.010641444 0.0122444 0.010306089 0.011457977 0.016831772 0.022646533 0.015472162 0.011097949 0.00900276 0.007080696 0.006873412 0.009772314 0.006142926 0.006271866 0.008528868 0.012529903 0.011395498 0.012270039 0.013235443 0.01259389 0.013181374 0.011792437 0.011812119
0.011983938 0.013243875 0.006148277 0.006787989 0.01140668 0.010095977 0.006293896 0.011237212 0.015671264 0.100787111 0.004076823 0.000581121 0.000885385 0.000789049 0.001702036 0.001930138 0.001252713 0.001190961 0.000382329 0.00014306 0.008737302 0.079681225 0.080863915 0.077128805 0.058549844 0.027154777 0.002444656 0.000267039 0.000277744 0.001002713 0.012447154 0.017877752 0.012722082 0.01327268 0.020305775 0.015437528 0.011549937 0.010657866 0.009448135 0.012358121 0.012329453 0.012373869 0.011858428 0.014029006 0.016315987 0.012341074 0.009877551 0.009620234 0.007946742 0.010879089 0.010586985 0.005043185 0.00510983 0.007613706 0.012906459 0.011303582 0.014114524 0.014240592 0.011804008 0.020623855 0.015817402 0.01874321
0.011707054 0.008915537 0.00880738 0.006680833 0.007718103 0.004545894 0.026655722 0.031076219 0.052930385 0.027500385 0.000119646 0.000121136 0.000628581 0.00226416 0.001686422 0.001161255 0.001162667 0.001169553 0.000151294 0.000147892 0.001511603 0.07702101 0.054370791 0.056830458 0.051335759 0.056661569 0.050600417 0.019470835 0.000300221 0.003336412 0.013262721 0.016520729 0.014044261 0.010397329 0.011616216 0.015816091 0.019131429 0.018913466 0.014198856 0.016340371 0.014512029 0.008357002 0.01415566 0.01435954 0.017550908 0.014921359 0.015647929 0.012039971 0.01487631 0.014818349 0.00909064 0.005162824 0.00745222 0.009556659 0.010137351 0.009518727 0.011264928 0.015684571 0.012721605 0.012986611 0.016195085 0.013548099
0.012735276 0.008445949 0.005694508 0.006470052 0.010424408 0.012169005 0.017548529 0.058390174 0.030989697 0.00245035 7.25113E-05 0.000545412 0.001148383 0.001164432 0.000956631 0.000891013 0.000206189 0.000608963 0.000341585 0.000141204 0.000251992 0.032309029 0.052355841 0.059260156 0.046063267 0.023411101 0.060590077 0.070008829 0.022740634 0.009051599 0.020742811 0.015202005 0.017644074 0.016505485 0.01138187 0.011043753 0.010058885 0.014878988 0.018998386 0.019099772 0.017914847 0.01432742 0.00876998 0.010852013 0.014746717 0.021211348 0.015588419 0.014228689 0.024474295 0.015893558 0.006509023 0.006679649 0.008007017 0.007427573 0.015356177 0.019729268 0.012127685 0.01752965 0.016333228 0.012362951 0.013491787 0.011054805
0.008346327 0.008739028 0.009686872 0.006467107 0.00798498 0.011513256 0.011792211 0.009949515 0.039756123 0.02193711 0.003022946 0.002470023 0.001180338 0.000925409 0.001111235 0.000507345 0.00014953 0.000217215 0.002174506 0.003203202 0.000358308 0.029360985 0.053333387 0.016485071 0.012062415 0.01721981 0.067939736 0.06415192 0.082131326 0.053737603 0.020789206 0.012755208 0.012151158 0.030066775 0.029435983 0.023598237 0.025196815 0.019202841 0.016401831 0.018639414 0.017991226 0.017999601 0.014541456 0.009346471 0.012695706 0.019833922 0.013536761 0.023124073 0.01831362 0.013165992 0.005755787 0.008706805 0.010893219 0.008627285 0.020594852 0.013417882 0.013878338 0.013485252 0.014014021 0.012054295 0.012916529 0.013203825
0.008103987 0.009086511 0.010750199 0.012910329 0.010609397 0.011501975 0.009850035 0.010720006 0.005917569 0.004780361 0.010601639 0.000123335 0.000507292 0.00159869 0.000982121 0.000868076 0.000133719 0.000139504 0.014105177 0.052519388 0.034432352 0.034411095 0.010684331 0.007812791 0.009708762 0.013339819 0.077105127 0.086007252 0.092610009 0.071302451 0.059903402 0.072601333 0.098530442 0.105411418 0.104548573 0.107595801 0.090542354 0.038462881 0.018554987 0.017799571 0.018714495 0.016893798 0.01480169 0.013214809 0.012441864 0.016534081 0.021314546 0.024915405 0.015716076 0.011302688 0.006813746 0.011185541 0.015595083 0.011440759 0.012348447 0.012201272 0.01312941 0.01307851 0.010313567 0.012650203 0.011319006 0.012364797
0.008247797 0.009890415 0.00334369 0.001408394 0.001115965 0.001770519 0.00371572 0.00826465 0.007093318 0.005416996 0.006061662 0.000552627 0.000348019 0.001200674 0.002393808 0.001747093 9.43884E-05 0.000138112 0.037978455 0.023845442 0.024054315 0.010062089 0.011458981 0.011899945 0.010002216 0.017777516 0.060348272 0.11156445 0.056372579 0.058985911 0.061159652 0.071833365 0.057285208 0.054892495 0.057170469 0.058174685 0.087632202 0.035090763 0.018703219 0.016944451 0.01575928 0.021209549 0.014839732 0.020121185 0.020782392 0.018541694 0.017728075 0.013579886 0.014332562 0.01260013 0.007542815 0.016935289 0.019851962 0.017353039 0.015157273 0.012754111 0.016120283 0.014553496 0.012454455 0.009033364 0.009723298 0.010033219
0.009626898 0.003126508 0.001164122 0.001824644 0.002684751 0.001480131 0.001376762 0.005765948 0.007535723 0.006010308 0.006392794 0.00020977 0.000117672 0.000726623 0.001859317 0.009527816 0.015166244 0.043215182 0.038359519 0.019476915 0.001059976 0.001138223 0.000809523 0.006625656 0.0096167 0.039988726 0.076737396 0.087902717 0.046838485 0.069167256 0.052637588 0.047908168 0.056253288 0.044075642 0.043032479 0.083601423 0.029243035 0.007355521 0.016283769 0.018977912 0.019284075 0.009848523 0.014611641 0.019636845 0.022181153 0.019273976 0.013824752 0.013447271 0.011563608 0.00961088 0.007061695 0.020771898 0.014037286 0.013365555 0.015979003 0.014086126 0.011608258 0.013491356 0.017922515 0.0156564 0.01067291 0.007915718
0.010775838 0.001310963 0.003920267 0.018695019 0.021034263 0.005819506 0.001147253 0.002321329 0.006455316 0.008491538 0.000125585 0.000181977 0.000137865 0.000796014 0.001659271 0.021386679 0.045733728 0.01452664 0.001618609 0.001695488 0.001522371 0.001728743 0.000144673 0.001526651 0.011895521 0.057699975 0.129701242 0.054696735 0.043651138 0.050302576 0.068566509 0.064503908 0.069028005 0.092725761 0.1068459 0.038125582 0.005080302 0.006286747 0.010034562 0.013833113 0.012637896 0.0138961 0.014345148 0.019519037 0.01985964 0.016241504 0.015139199 0.012852602 0.009468531 0.007795773 0.007691688 0.020633455 0.01800636 0.01091739 0.013094399 0.015890939 0.019406596 0.019606926 0.014074046 0.017837198 0.018870482 0.014560277
0.00444063 0.00121702 0.012594717 0.017580573 0.027829319 0.007992103 0.002382953 0.002106702 0.014836621 0.003884709 0.000120917 0.000126141 0.000234583 0.001160239 0.017961467 0.034121059 0.026807724 0.001033001 0.001861659 0.001221625 0.00143607 0.001268161 0.00013987 0.000724327 0.014458101 0.07524661 0.050835267 0.035545602 0.029123962 0.038849082 0.050356492 0.04992386 0.066053189 0.088454016 0.049599018 0.008648478 0.004952237 0.005159795 0.005107433 0.006405659 0.016052362 0.02007206 0.017193586 0.020824056 0.015567252 0.013968348 0.014777678 0.018101197 0.018790392 0.019072685 0.019957483 0.019898443 0.016181881 0.011987423 0.010101276 0.017370395 0.019610398 0.016445026 0.018898686 0.013402514 0.013874507 0.015302314
0.00195093 0.002189671 0.025571415 0.013309434 0.025664803 0.016157029 0.015983002 0.008932301 0.030931095 0.001641233 0.000118741 0.00013628 0.000139636 0.020591306 0.038738746 0.048253521 0.001474729 0.001732015 0.009582528 0.010337747 0.000945925 0.000554986 0.002044065 0.012386356 0.012608885 0.011233605 0.017851654 0.02188492 0.017729113 0.011004544 0.027893459 0.053401861 0.077423371 0.059101671 0.047619112 0.005797115 0.00695425 0.003954927 0.006356469 0.005966776 0.008407946 0.020438716 0.017497577 0.018416993 0.015011443 0.013665622 0.019087346 0.023088232 0.019526333 0.018509634 0.017768063 0.019849328 0.018409066 0.016495306 0.013032338 0.01356041 0.014308356 0.01231173 0.010943395 0.013728775 0.013692932 0.005425279
0.004439963 0.0216875 0.020594656 0.017888138 0.026414782 0.017285883 0.037676293 0.034258202 0.013233562 0.059166998 0.071050175 0.058385987 0.010370102 0.026818302 0.027667668 0.041326404 0.064584978 0.059941538 0.02472081 0.002160718 0.00522702 0.015045702 0.008288926 0.000364752 0.000230713 0.002839334 0.008978888 0.009633725 0.017336635 0.015095275 0.008840907 0.073783547 0.064481586 0.081285648 0.067738913 0.008964205 0.006601892 0.008134307 0.010581052 0.009689659 0.006150412 0.011086338 0.019011226 0.018389361 0.014840953 0.013157814 0.010113472 0.015673939 0.016894422 0.016568057 0.018854048 0.021594524 0.023213284 0.013296291 0.014748808 0.013569775 0.011842767 0.012422173 0.012165001 0.01300072 0.012272606 0.009857006
0.017208865 0.025861686 0.016315246 0.016997956 0.017719463 0.01594683 0.040928416 0.001240936 0.001206242 0.010238956 0.04517049 0.057636168 0.072919443 0.058030859 0.032986678 0.027274705 0.029228969 0.036267191 0.057444979 0.057858672 0.029996673 0.017072266 6.35066E-05 6.38821E-05 0.000125161 0.000145341 0.000733267 0.012770441 0.011347227 0.008182203 0.011644773 0.06219051 0.054713652 0.070380598 0.021884352 0.00994522 0.007807003 0.008636058 0.010989604 0.010285114 0.009942971 0.010541003 0.011151784 0.01121299 0.022521254 0.022939334 0.022257652 0.021011874 0.023493171 0.019437572 0.02295482 0.014940565 0.013485013 0.012227838 0.014978749 0.014219153 0.011653115 0.009833957 0.011696972 0.010918914 0.008047991 0.013553243
0.021383818 0.017784536 0.012302225 0.012646699 0.010147556 0.005931606 0.001666403 0.001256179 0.001638589 0.001327562 0.012143114 0.036938064 0.035278905 0.00878686 0.002220027 0.034736976 0.045597646 0.034985017 0.027514784 0.03222245 0.037817199 0.003203111 5.60887E-05 6.25684E-05 5.88587E-05 0.00010705 0.000335593 0.006941906 0.00888765 0.00942874 0.010089069 0.048490331 0.016461464 0.043692108 0.010840914 0.008914153 0.009940589 0.007561324 0.011054329 0.011921766 0.010067062 0.011486091 0.009482985 0.010720593 0.010424561 0.011727733 0.013062901 0.013071844 0.015480513 0.017986182 0.013265447 0.013513871 0.011107926 0.012086086 0.012511561 0.013782739 0.012239167 0.007862965 0.008078611 0.006858769 0.012728776 0.010474388
