GIS/soils/K_soils.txt
ncols         406
nrows         328
xllcorner     595500
yllcorner     4015200
cellsize      100
NODATA_value  0
[rows 252 to 279 of 328, columns 186 to 247 of 406]
0 0 0 0 0 0 0 0 0 0 0 0 0 0 0 0 0.027111743 0.033397321 0.022653541 0.020386703 0.018997159 0.026889501 0.025883749 0.024497269 0.028585562 0.029188067 0.027939854 0.015088066 0.016850129 0.023007022 0.027591646 0.026736876 0.025405593 0.02169615 0.022526663 0.024979094 0.023464311 0.026234943 0.032114856 0.031704016 0.025094012 0.025173347 0.018126419 0.021625323 0.034072462 0.045251664 0.031285428 0.037088692 0.028258532 0.022079378 0.020749509 0.024070399 0.019767139 0.0303698 0.023805212 0.018316394 0.021296991 0.028299872 0.041476741 0.030539565 0.030038029 0.040826574
0 0 0 0 0 0 0 0 0 0 0 0 0 0 0 0 0 0.01977776 0.023876559 0.023815492 0.020091791 0.020351775 0.017123871 0.027188541 0.03000501 0.026854796 0.019660251 0.022852842 0.024065264 0.017799312 0.021013061 0.02237495 0.025844108 0.025703235 0.022925979 0.028646212 0.023218749 0.022587148 0.031554639 0.035297964 0.032683488 0.02615682 0.024704015 0.02515142 0.029185411 0.025942728 0.026996003 0.027116433 0.030514574 0.032079954 0.023099555 0.01979412 0.019436924 0.018629281 0.018122489 0.021663668 0.023995686 0.02408964 0.029897474 0.045494009 0.049722798 0.039675388
0 0 0 0 0 0 0 0 0 0 0 0 0 0 0 0 0 0 0 0.021409722 0.021940708 0.020122422 0.018150751 0.027659839 0.028058797 0.026634876 0.024796326 0.026451791 0.0256739 0.026534231 0.024777276 0.026300728 0.028315967 0.025308181 0.030549416 0.027360756 0.031477254 0.032070059 0.03067638 0.034939304 0.032844082 0.027330169 0.025245937 0.028940467 0.030114697 0.026866771 0.033090793 0.036544226 0.032462426 0.022507912 0.018700425 0.02199308 0.019727694 0.017991509 0.021077694 0.023079088 0.020409577 0.027748073 0.033186186 0.026224295 0.031036027 0.031836003
0 0 0 0 0 0 0 0 0 0 0 0 0 0 0 0 0 0 0.022448529 0.021388315 0.019727724 0.018968485 0.021652197 0.022596063 0.022416921 0.02142363 0.02784376 0.030488284 0.026152769 0.023441747 0.023518227 0.027983638 0.024290789 0.019908238 0.017292449 0.016159633 0.025011938 0.029453065 0.030294999 0.031372488 0.025433127 0.025492758 0.033729561 0.029623438 0.027401499 0.041303519 0.043253988 0.048459247 0.034246385 0.024347188 0.021019364 0.01709576 0.015667038 0.018071864 0.019565467 0.027010545 0.021094287 0.026960853 0.030552583 0.041975822 0.054863393 0.040488515
0 0 0 0 0 0 0 0 0 0 0 0 0 0 0 0 0 0.029071184 0.032795165 0.024673795 0.020368254 0.017004246 0.022827975 0.019687284 0.024548365 0.031709708 0.032058202 0.024204297 0.029710433 0.022250636 0.027975719 0.029401369 0.026740404 0.030286601 0.024713563 0.020311661 0.021471616 0.029701723 0.025503553 0.028314164 0.023378959 0.030329566 0.028919557 0.032546394 0.035012893 0.036804311 0.031383518 0.02824826 0.035897367 0.026598634 0.023473049 0.024745841 0.024578853 0.024202241 0.024363967 0.022052269 0.029078834 0.023750279 0.03184855 0.030444127 0.033313073 0.026431302
0 0 0 0 0 0 0 0 0 0 0 0 0 0 0 0 0.024572998 0.03135962 0.033769891 0.028405447 0.02783085 0.022265386 0.021959452 0.024561968 0.018677427 0.023258921 0.028024184 0.033069529 0.025991285 0.023656832 0.024536015 0.022185629 0.027186817 0.029443938 0.026586978 0.027058834 0.028208179 0.022041274 0.02785911 0.032714505 0.026985649 0.026104348 0.027749805 0.033208843 0.028286416 0.025895655 0.031807836 0.032334495 0.024676396 0.025266616 0.028764714 0.024125848 0.019355277 0.027943095 0.024561221 0.023489775 0.045749661 0.02942713 0.026769886 0.027219703 0.026233681 0.045369316
0 0 0 0 0 0 0 0 0 0 0 0 0 0 0 0 0.025882885 0.028073842 0.028851945 0.022096669 0.024720045 0.028497094 0.028453594 0.015380642 0.020303883 0.023132011 0.017648306 0.020354278 0.022246221 0.027987132 0.019533232 0.026770996 0.03109194 0.031679563 0.031901892 0.027774898 0.02789068 0.016846631 0.02971044 0.030084528 0.031914487 0.030591039 0.028014518 0.030927513 0.027113402 0.021672197 0.019301606 0.020036194 0.020202624 0.022886539 0.020375926 0.015067134 0.022268808 0.023577243 0.025241761 0.031403929 0.050796472 0.052212074 0.0339728 0.031332627 0.03440579 0.043004524
0 0 0 0 0 0 0 0 0 0 0 0 0 0 0 0.019253142 0.028284144 0.020464402 0.028101403 0.023266045 0.027133005 0.027806638 0.034893077 0.026832266 0.016970575 0.01997168 0.015181853 0.017724095 0.021140283 0.023222385 0.029753072 0.032376051 0.031191321 0.032080166 0.023343511 0.03141227 0.024858097 0.021057479 0.023674093 0.030218123 0.028688129 0.032856274 0.032368761 0.029212754 0.034508899 0.02035787 0.04247386 0.025085256 0.018182391 0.017907917 0.026732588 0.017910771 0.022209663 0.038114864 0.04249217 0.044687327 0.053071339 0.035701834 0.028226702 0.029551473 0.029521799 0.0279382
0 0 0 0 0 0 0 0 0 0 0 0 0 0 0 0.018936578 0.030033613 0.026800795 0.031175084 0.01797317 0.017638663 0.022684323 0.033035293 0.031093422 0.019051658 0.024734866 0.026366118 0.028514612 0.031425714 0.026808631 0.029599007 0.032879714 0.033480797 0.031666964 0.02992163 0.029999882 0.026826676 0.028921183 0.024982173 0.025776433 0.027992718 0.028939521 0.02265916 0.022825358 0.031204857 0.023675036 0.028993344 0.038680259 0.022052174 0.013204825 0.015251823 0.019353099 0.030870272 0.053731102 0.050833464 0.043659519 0.035758305 0.028564045 0.033163361 0.028580692 0.030115644 0.03334944
0 0 0 0 0 0 0 0 0 0 0 0 0 0 0.020168113 0.022397283 0.024465399 0.02814791 0.031527266 0.02386288 0.020471495 0.027493645 0.027573148 0.023512278 0.021828141 0.028110402 0.03006064 0.027786452 0.029769104 0.034677677 0.031226646 0.031909484 0.030232651 0.032084126 0.028785968 0.029948365 0.029262498 0.031883292 0.025970779 0.029273126 0.033709887 0.028037006 0.033252615 0.034180019 0.028724108 0.028642116 0.032275528 0.027302397 0.026368683 0.019307511 0.02053866 0.019498279 0.02927213 0.027248239 0.026838148 0.024512978 0.031372007 0.025232675 0.025946215 0.019604154 0.0284303 0.025106523
0 0 0 0 0 0 0 0 0 0 0 0 0 0 0.033027913 0.031667519 0.025387948 0.028246528 0.030103521 0.027350595 0.023469785 0.030621625 0.025182717 0.023549668 0.017378068 0.027140521 0.024688367 0.02787585 0.028916679 0.030268321 0.030079953 0.031930748 0.03230219 0.035985589 0.033267241 0.030349789 0.031810511 0.026377525 0.01380823 0.018600864 0.033103779 0.031770527 0.029932911 0.03126416 0.030256534 0.023187166 0.017126989 0.016639618 0.019173132 0.015062057 0.020441022 0.017327625 0.022391252 0.026974112 0.030169884 0.033143278 0.032943446 0.02618729 0.020985577 0.02276809 0.025137071 0.018656477
0 0 0 0 0 0 0 0 0 0 0 0 0 0.031546071 0.041847412 0.025936797 0.034043066 0.024177203 0.02560412 0.027693696 0.03098313 0.029286047 0.025280766 0.026337266 0.022279246 0.023808278 0.023031503 0.024369532 0.030044153 0.029001454 0.02641714 0.025084589 0.031296298 0.029333752 0.032339629 0.034610525 0.03052981 0.030178856 0.027343472 0.022355225 0.022737382 0.027634749 0.026205316 0.027574552 0.026032949 0.020445574 0.018920263 0.017371563 0.017947923 0.01334634 0.022052094 0.023522265 0.028326053 0.02437266 0.019315314 0.020630658 0.025494963 0.023912771 0.021358764 0.025412476 0.019506071 0.020900263
0 0 0 0 0 0 0 0 0 0 0 0 0 0.034242988 0.040249888 0.035333615 0.031209365 0.04093948 0.028083131 0.019935092 0.022164239 0.02157462 0.022450192 0.022768516 0.021876691 0.023469144 0.019757118 0.020953942 0.024061792 0.021151833 0.022891963 0.038247745 0.041841172 0.036372457 0.035084553 0.032958429 0.026744427 0.030819664 0.033294402 0.029436659 0.025704516 0.030446637 0.030161638 0.029025661 0.029277897 0.025528884 0.021123081 0.015265884 0.022134906 0.020489817 0.024028923 0.022050487 0.027943922 0.02995999 0.028426526 0.025903244 0.020447826 0.015693646 0.01487905 0.018845435 0.019859312 0.021589033
0 0 0 0 0 0 0 0 0 0 0 0 0.027390281 0.036819749 0.035068627 0.036844771 0.049477614 0.042303637 0.03570538 0.025432512 0.023400631 0.024461849 0.024207333 0.022364499 0.026294222 0.024857279 0.02063931 0.025842424 0.0308853 0.028737513 0.027866345 0.031927481 0.039476592 0.045808323 0.038999923 0.039487831 0.028521124 0.022865124 0.026273392 0.024770143 0.024852555 0.032054767 0.025467942 0.029446237 0.022911139 0.019158319 0.023655677 0.02543184 0.025713695 0.033076078 0.027957827 0.025500413 0.039551765 0.028368117 0.025168486 0.025123956 0.020913575 0.024671363 0.017432647 0.014665176 0.016736347 0.016708253
0 0 0 0 0 0 0 0 0 0 0 0.025651639 0.030255994 0.031629793 0.032683421 0.036730953 0.04001271 0.037202053 0.039743301 0.043500554 0.037481982 0.028696757 0.029197151 0.026191844 0.019959861 0.016074253 0.028070968 0.029015277 0.025640767 0.028068813 0.029085355 0.031512067 0.02635419 0.027697613 0.045753848 0.050104212 0.034524232 0.025585385 0.047299325 0.028880361 0.027509879 0.037518349 0.03710613 0.028075466 0.021054316 0.023816776 0.021757683 0.020383276 0.022397345 0.041514531 0.037780032 0.039242387 0.04780684 0.032850645 0.03564886 0.025543666 0.026455102 0.023229143 0.023125542 0.021574382 0.015835833 0.01977572
0 0 0 0 0 0 0 0 0 0 0 0.024189364 0.028976429 0.032004759 0.038466252 0.027535342 0.031855557 0.032695457 0.028155427 0.02430583 0.027617352 0.035558604 0.04154427 0.0364586 0.030587874 0.023989027 0.017104849 0.014840554 0.015281557 0.026417445 0.031371709 0.027047662 0.030924099 0.030624628 0.029075714 0.035096344 0.035892937 0.038300823 0.043423675 0.047680721 0.047692318 0.03365624 0.022868419 0.017947959 0.026479809 0.026139364 0.023596268 0.020901395 0.030225409 0.036525842 0.038371656 0.048427645 0.048889447 0.039843734 0.02689117 0.031713307 0.02802154 0.020186814 0.0212995 0.025415441 0.019839101 0.018519228
0 0 0 0 0 0 0 0 0 0 0 0.028644152 0.030321902 0.03016646 0.025710993 0.02599128 0.031516105 0.02971649 0.019962944 0.023729481 0.042338587 0.040822033 0.038510121 0.04669429 0.030705126 0.026840571 0.024268601 0.016018821 0.020647796 0.021706128 0.040210724 0.02861697 0.027555062 0.029533744 0.030742416 0.027580777 0.029775864 0.028495105 0.031731114 0.032078307 0.043642078 0.050671954 0.025959171 0.016844295 0.02200745 0.02951845 0.026413424 0.034073506 0.027214093 0.047620069 0.048905939 0.038272753 0.035061795 0.027239598 0.02791761 0.023827091 0.023262938 0.026379108 0.019990167 0.023923656 0.021208061 0.018279552
0 0 0 0 0 0 0 0 0 0 0 0.030264299 0.036985055 0.037340853 0.032135006 0.029213337 0.019248864 0.019771775 0.028877851 0.036733612 0.041744798 0.044479236 0.044150282 0.044556681 0.05058689 0.039261628 0.021852046 0.019355899 0.019165501 0.020970771 0.02658196 0.036544874 0.035518486 0.035820402 0.025805986 0.029308902 0.027081272 0.02537206 0.029559789 0.030996546 0.030086614 0.031117652 0.027629038 0.014853328 0.022011086 0.028960589 0.038338762 0.031643882 0.027019283 0.0261603 0.03659071 0.034459528 0.031641796 0.017787341 0.026163729 0.023131074 0.032082997 0.021403447 0.019200135 0.024461292 0.018619698 0.016475923
0 0 0 0 0 0 0 0 0 0 0 0 0.033121191 0.045990534 0.025675757 0.020754283 0.015794499 0.020239053 0.042496372 0.038998727 0.039302677 0.0326127 0.030895559 0.033990815 0.030631511 0.031202048 0.031207047 0.022746949 0.015311809 0.018650314 0.019632975 0.02935545 0.034708045 0.034918126 0.031971544 0.031179827 0.027227301 0.03030191 0.029725237 0.030097775 0.032399185 0.021304769 0.026825953 0.023157876 0.017438447 0.030081306 0.050288673 0.041416306 0.032193221 0.023569031 0.020515271 0.024547432 0.029523065 0.020158166 0.022267865 0.024683915 0.028887514 0.023658974 0.024879485 0.025002968 0.020336023 0.018633667
0 0 0 0 0 0 0 0 0 0 0 0 0.018475281 0.019221574 0.018908465 0.022629254 0.015913486 0.023214173 0.031853221 0.024786457 0.034075312 0.02773899 0.027388241 0.026054148 0.032135624 0.021243669 0.021369657 0.027467228 0.03110311 0.037945565 0.026452243 0.023691554 0.023044672 0.029341966 0.034357663 0.028981736 0.023779223 0.024788722 0.025382303 0.022610392 0.016688755 0.025063865 0.031186219 0.02653208 0.023515368 0.018609989 0.032502823 0.045964118 0.041970741 0.032115776 0.030009441 0.030255409 0.034845952 0.022610979 0.023694111 0.025613409 0.032129414 0.024079069 0.018376103 0.020665389 0.022072658 0.024256052
0 0 0 0 0 0 0 0 0 0 0 0 0.009788091 0.020581426 0.018156502 0.023083577 0.018390052 0.023154428 0.023053918 0.022052737 0.016772693 0.020820741 0.020693738 0.027305279 0.027187208 0.02598886 0.030575756 0.031261157 0.02875085 0.037582234 0.032571379 0.030368423 0.026946025 0.036418304 0.029888798 0.028587312 0.02331928 0.034914378 0.041492045 0.041896544 0.016550768 0.031441338 0.043933697 0.031077771 0.030610835 0.025607007 0.023395134 0.026545696 0.030491345 0.035027053 0.027988072 0.026069805 0.029268404 0.023010982 0.019139372 0.028384754 0.036692675 0.027526569 0.022820387 0.019801846 0.024327433 0.025784168
0 0 0 0 0 0 0 0 0 0 0 0.015531531 0.013092069 0.016960746 0.013433936 0.018088693 0.015697813 0.02736873 0.03123939 0.030057883 0.018963523 0.021542994 0.020029342 0.018502146 0.021303922 0.026910746 0.032894086 0.018765468 0.036281805 0.037649713 0.023586946 0.031483825 0.049084701 0.04667246 0.032760303 0.027763372 0.031301085 0.025606733 0.029804058 0.040345404 0.024880076 0.017727157 0.041859418 0.042408012 0.03078554 0.03118125 0.028807452 0.027209658 0.024052773 0.02740912 0.030110272 0.023625251 0.026886368 0.026206706 0.020653242 0.018326482 0.024017224 0.025406575 0.025435101 0.022032594 0.021979654 0.021124456
0 0 0 0 0 0 0 0 0 0 0 0.021474477 0.013895852 0.012413345 0.016044809 0.00871732 0.010854598 0.018386727 0.024001574 0.01866868 0.024516484 0.01730811 0.017964898 0.019043565 0.025267947 0.033511996 0.024665678 0.031912178 0.036541145 0.02657179 0.032335971 0.039012223 0.04966205 0.048413068 0.034073502 0.031045258 0.052270215 0.032091808 0.024127757 0.033077065 0.033545706 0.014436198 0.027876059 0.035878487 0.033409245 0.024621727 0.026453497 0.022271406 0.022004873 0.021090759 0.025635257 0.032040227 0.027482096 0.030314716 0.028493997 0.025090352 0.025586395 0.027252704 0.025040599 0.020003881 0.021857267 0.02374175
0 0 0 0 0 0 0 0 0 0 0.019149084 0.022304963 0.016684161 0.012236228 0.017906429 0.014628811 0.011814824 0.015549074 0.013250329 0.018225132 0.017348386 0.017580742 0.021390215 0.020956816 0.022934139 0.035187714 0.029522602 0.033321794 0.022474596 0.027927959 0.044777595 0.044946492 0.047501426 0.049472861 0.037549548 0.029255629 0.029470796 0.031621981 0.019699715 0.033661656 0.02004431 0.022934658 0.019377192 0.019004894 0.023033973 0.031455245 0.02840117 0.029020086 0.030275572 0.02918347 0.029886978 0.027414551 0.023671681 0.018943781 0.02346489 0.028145486 0.023215998 0.019695381 0.025184136 0.025250286 0.028702613 0.022487041
0 0 0 0 0 0 0 0 0 0 0.015087323 0.015895249 0.018803483 0.016386198 0.010250734 0.016976498 0.018894441 0.013370615 0.015924241 0.017616203 0.019910056 0.022247043 0.025234563 0.022470009 0.022139512 0.025170065 0.033964071 0.035619538 0.027786033 0.04425412 0.048190683 0.046023443 0.048208393 0.047273718 0.041804183 0.033259783 0.026616903 0.02878141 0.017417977 0.024241704 0.027335756 0.026184229 0.030333107 0.027774075 0.020720411 0.024295947 0.030012185 0.031043695 0.02594349 0.021850018 0.025462387 0.021188363 0.0213692 0.018886559 0.020922659 0.023493584 0.027191347 0.030069333 0.029427599 0.028262673 0.023105584 0.021002874
0 0 0 0 0 0 0 0 0 0 0.014970831 0.013142639 0.022455586 0.01966474 0.015078184 0.016443089 0.015512576 0.019152258 0.016906299 0.018808246 0.030734224 0.02443709 0.023821164 0.024632838 0.022163244 0.035718236 0.037490346 0.029043719 0.022381488 0.04591161 0.046928734 0.044513326 0.045739684 0.050881181 0.043063294 0.035959471 0.027417369 0.024568683 0.018061487 0.023522815 0.029257374 0.033446275 0.032991733 0.034067497 0.028361516 0.023811838 0.021528194 0.020480243 0.016149744 0.023347005 0.016141973 0.021582579 0.02784889 0.023578651 0.025394939 0.021228734 0.025623841 0.026395874 0.021465125 0.021456314 0.030812152 0.023320857
0 0 0 0 0 0 0 0 0 0 0.024033256 0.014216722 0.028261678 0.02351715 0.012053942 0.014304793 0.012089457 0.017374346 0.019925766 0.020570058 0.022029378 0.018819083 0.02359779 0.023686374 0.0188183 0.026839571 0.033237766 0.023403626 0.029649539 0.029421784 0.04423482 0.045739539 0.046387095 0.044736668 0.044785906 0.039778534 0.030036299 0.023255458 0.021742178 0.014088544 0.02221055 0.02620828 0.035105418 0.040990088 0.027362602 0.023945745 0.016315674 0.013312926 0.029193724 0.027044028 0.023637172 0.028819574 0.02731825 0.026438581 0.023173241 0.02362233 0.023409275 0.025361829 0.024104929 0.028830305 0.030999614 0.028825944
0 0 0 0 0 0 0 0 0 0 0 0.01869604 0.027935371 0.021896029 0.029570807 0.029117452 0.012542823 0.013463446 0.018849805 0.018982537 0.013780945 0.018093495 0.025217365 0.029232608 0.022080617 0.01513999 0.017650211 0.017603153 0.019288678 0.023801623 0.044240814 0.04621385 0.045827325 0.045784209 0.040918607 0.041585885 0.035842761 0.035398174 0.029959319 0.027509322 0.015185345 0.017988905 0.019735906 0.031881202 0.038744066 0.025059544 0.009961836 0.008132678 0.014397656 0.024139004 0.026889941 0.021263046 0.021751223 0.024175785 0.030809697 0.028635211 0.02414111 0.028474327 0.027236374 0.023697523 0.024355287 0.019596048
