GIS/soils/K_soils.txt
ncols         406
nrows         328
xllcorner     595500
yllcorner     4015200
cellsize      100
NODATA_value  0
[rows 56 to 83 of 328, columns 62 to 123 of 406]
0.017730044 0.000853157 0.001311828 0.001918891 0.001980727 0.001282421 0.000890148 0.000476162 0.000413105 0.000614019 0.000777021 0.001027828 0.00084306 0.001270214 0.000999144 0.001627575 0.001793915 0.003569035 0.010678951 0.012381797 0.011218728 0.011078402 0.012961469 0.013830927 0.01278924 0.012318569 0.010252265 0.005603942 0.007083994 0.00721809 0.01162067 0.010078758 0.009306055 0.006837941 0.008673375 0.010124475 0.010878343 0.006858346 0.007290105 0.006939285 0.008934444 0.061838064 0.05381722 785.144104 0.084923171 0.020047069 0.00252845 0.027762754 0.007820903 0.009035224 0.01966312 0.021403909 0.039937358 0.0408132 0.018588694 0.011428825 0.007153811 0.009584336 0.017322894 0.027828189 0.032374289 0.023801422
0.012275081 0.000715144 0.000644219 0.000747218 0.001567209 0.002094776 0.000980317 0.001038212 0.000786475 0.001203204 0.001045101 0.001208816 0.001224716 0.001018875 0.000799386 0.001248837 0.001449288 0.001706061 0.008975765 0.011741553 0.011508044 0.010988542 0.007879836 0.006476736 0.012241371 0.011691928 0.011352026 0.009868919 0.006269449 0.004695967 0.008045264 0.008673239 0.009182326 0.009918119 0.003875158 0.006780265 0.007535237 0.005893748 0.007160672 0.005167753 0.007651754 0.061847959 0.027227633 0.076718606 0.481130898 0.081791051 0.036608413 0.0310483 0.035010654 0.038023811 0.031248773 0.038875576 0.015145604 0.009930562 0.011233599 0.027753854 0.021611601 0.016969683 0.022744276 0.030063985 0.047621503 0.034913518
0.018910998 0.000900359 0.000786876 0.00069905 0.000656705 0.00242439 0.000955384 0.00094206 0.000751931 0.001010965 0.00120215 0.000928855 0.000963749 0.001071206 0.00060516 0.001236358 0.001747117 0.001534001 0.001393606 0.002540281 0.002116125 0.001248567 0.001163374 0.001035503 0.001549929 0.007316818 0.010157208 0.009766665 0.005038409 0.006488604 0.006478335 0.004674256 0.007311702 0.00376535 0.001032584 0.003094755 0.008667681 0.00732964 0.005886775 0.00635919 0.007349008 0.013664512 0.083985396 0.043148141 0.096845634 0.404601127 0.051761433 0.018620359 0.038894031 0.033227742 0.042956114 0.024639266 0.013235145 0.019322028 0.02026264 0.017658018 0.014334615 0.011901588 0.015765799 0.013293863 0.053027324 0.034938145
0.047041669 0.001653875 0.001017495 0.00084865 0.000596371 0.001976001 0.001347645 0.000559314 0.001083899 0.001255205 0.001018542 0.000835037 0.00102362 0.000817236 0.00110128 0.0014777 0.001340797 0.001116593 0.001292008 0.001371526 0.001410108 0.001241952 0.001083381 0.000862974 0.000756658 0.001442176 0.010393141 0.011286074 0.010765298 0.006405916 0.004271868 0.00432333 0.003642276 0.000878708 0.001113811 0.002324205 0.006532758 0.007412349 0.005786868 0.00247119 0.001345666 0.0024426 0.007894869 0.084000938 0.084158055 0.056847736 0.063716501 0.027269891 0.064129673 0.032753177 0.026284801 0.012015841 0.227923021 0.0312363 0.020170059 0.01437407 0.026065094 0.029144535 0.032913201 0.022659736 0.034747437 0.007266407
0.021354413 0.019736817 0.001291496 0.000901646 0.000712358 0.001359962 0.0014927 0.001003406 0.001218177 0.001514263 0.001120151 0.000996417 0.000853764 0.001035069 0.001514983 0.001388963 0.001141639 0.001344159 0.001119485 0.001069224 0.001402373 0.001480827 0.000797032 0.000609326 0.000620559 0.000993309 0.002128026 0.011629758 0.011723877 0.013306842 0.010389763 0.005757531 0.003583761 0.00061059 0.00060167 0.0007121 0.002292668 0.008435626 0.007297013 0.004996728 0.002334126 0.00083146 0.00153604 0.00392325 0.008022147 0.011127914 0.007999122 0.007209529 0.007702989 0.024632758 0.091885477 0.03155807 0.056807466 0.017332511 0.025712064 0.010454744 0.007006795 0.008034921 0.005519309 0.008744045 0.008981267 0.00739905
0.005847024 0.042900354 0.001356142 0.001048798 0.000710694 0.000984372 0.001579909 0.000979453 0.001081561 0.001263448 0.000884595 0.000764257 0.000985633 0.001173761 0.001496921 0.001363805 0.001357013 0.000984099 0.000693392 0.001191307 0.001196945 0.001642316 0.001081249 0.000865166 0.000763934 0.001302648 0.000752837 0.005044564 0.011649068 0.012361857 0.012547422 0.011819204 0.008897707 0.002219456 0.000640561 0.000572241 0.001608414 0.004953527 0.010004014 0.009341272 0.00826976 0.006593624 0.001840331 0.001009186 0.003635725 0.010847664 0.003947885 0.009117269 0.011324982 0.01324372 0.015286813 0.022621637 0.012915918 0.007399162 0.004211226 0.003138297 0.006774633 0.005433323 0.006045929 0.006095293 0.008515147 0.007266524
0.001489258 0.026815515 0.011880748 0.001174626 0.000982299 0.001044063 0.001663457 0.001427072 0.001262363 0.000881445 0.000849034 0.001275602 0.001705395 0.001429074 0.001555945 0.000982823 0.000951006 0.000797063 0.000716379 0.00136859 0.001167149 0.00187793 0.001045202 0.0010791 0.000999706 0.001043278 0.000698096 0.000750151 0.005843631 0.012383765 0.009595887 0.010773749 0.009632367 0.008802264 0.002374883 0.00081705 0.001743899 0.005449117 0.006249009 0.01017993 0.009301457 0.011368253 0.012011245 0.007291937 0.00405715 0.00903736 0.005252839 0.01132774 0.01153237 0.010811695 0.00939296 0.007844435 0.010147253 0.012753507 0.006019468 0.001736051 0.00258044 0.003858701 0.009339381 0.008585265 0.006567254 0.005149575
0.000829348 0.005305988 0.039411109 0.003288426 0.001375623 0.001367115 0.001358468 0.001311035 0.001265852 0.001193472 0.001231657 0.001655804 0.0015344 0.001741223 0.001575537 0.001067664 0.001179151 0.001309261 0.001299719 0.001750985 0.001433897 0.001629045 0.000964069 0.00100968 0.001151624 0.000854331 0.001093643 0.000935006 0.001786277 0.007176303 0.011476496 0.010829289 0.012120168 0.009009615 0.003719624 0.005927749 0.009037144 0.009353052 0.005101885 0.004571934 0.001997651 0.001433806 0.007604746 0.010406817 0.011487366 0.011826099 0.008597829 0.010815727 0.014335085 0.009868481 0.007031204 0.010862024 0.012395727 0.012055191 0.011431523 0.003834583 0.001662282 0.001942418 0.00806729 0.009301179 0.006508004 0.005963366
0.001281899 0.006835675 0.027504928 0.05528884 0.00384169 0.002303396 0.001484243 0.002040284 0.001690627 0.001604381 0.001387569 0.001283296 0.001329276 0.001462593 0.001496302 0.001292351 0.001423397 0.001573287 0.001620299 0.001457388 0.001909052 0.001459142 0.001032235 0.000964224 0.001370904 0.001520597 0.001106828 0.001747272 0.001607604 0.00160551 0.004336352 0.010293786 0.010872896 0.010140852 0.007624286 0.007108234 0.007529708 0.004157035 0.001499818 0.000837593 0.000749287 0.000740068 0.003419988 0.001162646 0.010234614 0.010824997 0.008682598 0.009216524 0.010770654 0.00457082 0.007465601 0.01176815 0.010124545 0.008062141 0.010459 0.009723641 0.004733327 0.000773143 0.001767372 0.005178398 0.006280298 0.006825805
0.001414901 0.001746447 0.012545626 0.031960808 0.051483437 0.009672531 0.002600631 0.002432838 0.002548765 0.00158053 0.002062345 0.001665626 0.001272239 0.001671158 0.001734268 0.001354407 0.001494052 0.001286477 0.001478997 0.00146907 0.001196465 0.001311912 0.001130521 0.001461588 0.001670874 0.002228454 0.001958108 0.001670146 0.001379441 0.001939245 0.001412702 0.006167471 0.011757158 0.009609369 0.008685775 0.007937401 0.005849351 0.001454852 0.000685426 0.000677318 0.000524517 0.000519434 0.005004744 0.002628704 0.003790298 0.009813901 0.010191337 0.008652211 0.009398656 0.002919963 0.009872891 0.003926027 0.002807365 0.008308008 0.008822337 0.004843154 0.001986217 0.001033036 0.005327446 0.006772474 0.010083575 0.017851949
0.001042635 0.003479125 0.003400464 0.008267777 0.016107064 0.049297545 0.006574284 0.001342307 0.002064412 0.001691144 0.001583399 0.001424187 0.001124189 0.000978766 0.001192745 0.001092694 0.001401741 0.002612001 0.001792199 0.00128087 0.000961707 0.000624055 0.00092532 0.000995102 0.001063002 0.001320734 0.000994489 0.001020576 0.001418696 0.001805968 0.001733277 0.002076429 0.005676901 0.012681619 0.009201827 0.006998381 0.004603561 0.000612668 0.001007664 0.00070037 0.000770896 0.001418185 0.008981339 0.011658292 0.009232578 0.011783285 0.01099225 0.007940486 0.009127063 0.000968831 0.003723842 0.003252167 0.000469431 0.003429375 0.006340453 0.008590954 0.00889459 0.007402282 0.009300617 0.009368147 0.008497526 0.009399698
0.001155473 0.001010752 0.001311887 0.004626748 0.010802076 0.02915868 0.039902341 0.001491941 0.001567359 0.001299727 0.001166787 0.000765473 0.001006973 0.000928071 0.001226201 0.00100432 0.001204684 0.000959253 0.001259151 0.001052938 0.000985152 0.000937422 0.000581445 0.000981615 0.001166787 0.001398717 0.001539303 0.001196835 0.001445292 0.001401765 0.001520245 0.001698404 0.001466007 0.003629039 0.010303842 0.008272031 0.003563212 0.000636011 0.001254521 0.000815174 0.00212256 0.008379211 0.009529565 0.008411753 0.005938223 0.009627469 0.009616897 0.009297528 0.01569997 0.005556977 0.002858059 0.004462519 0.000397309 0.002551005 0.005848193 0.007712333 0.009334318 0.009242551 0.00848013 0.008579448 0.009524112 0.008584905
0.005207124 0.007350489 0.007541833 0.007236898 0.007222981 0.009448012 0.061505567 0.033315495 0.001822959 0.001162649 0.001107488 0.000819983 0.001100275 0.000780685 0.001147897 0.000734254 0.000602646 0.00104991 0.001193748 0.001019433 0.001183518 0.00095859 0.000583499 0.001257605 0.001389917 0.001173132 0.001255246 0.001514594 0.001302807 0.001541283 0.00126991 0.001567157 0.001404157 0.001240783 0.00740558 0.008902543 0.003604464 0.00137585 0.000841606 0.000840227 0.006840171 0.009280153 0.003459213 0.000693197 9.44005E-05 0.001210406 0.010382204 0.010673698 0.00722611 0.010402597 0.004810844 0.007755606 0.006413432 0.005999709 0.005244463 0.005457923 0.007031903 0.00901118 0.008361917 0.008961601 0.009626011 0.009580438
0.00666697 0.009652806 0.007251679 0.0053776 0.006668716 0.006745226 0.010426121 0.041515756 0.074152231 0.011831069 0.002426346 0.001825898 0.001140607 0.001015827 0.000765416 0.000909544 0.000780812 0.000741868 0.00088752 0.000942995 0.000857062 0.000709117 0.000924886 0.001248223 0.001441603 0.001287162 0.001130231 0.001557912 0.001232918 0.001204056 0.001470417 0.001473715 0.001481439 0.001603852 0.003322169 0.006013898 0.005584336 0.001347337 0.00101166 0.00351937 0.008848852 0.008859931 0.001043899 8.23012E-05 7.56588E-05 7.41942E-05 0.009960329 0.012355648 0.01055624 0.008503495 0.01204842 0.010642059 0.008100907 0.005786919 0.00201075 0.001878201 0.002778796 0.00699223 0.007452707 0.007514893 0.009174737 0.010947661
0.006471613 0.008884903 0.007601618 0.007636348 0.008426774 0.006298216 0.007169412 0.007694499 0.010114256 0.041320391 0.031007186 0.002982667 0.002260656 0.0010562 0.00080256 0.000844501 0.000762042 0.001133295 0.000879013 0.001232071 0.001196589 0.001119459 0.000702052 0.000772957 0.001040025 0.000919158 0.001424034 0.001691355 0.001033083 0.000937231 0.001490675 0.001494195 0.001379424 0.000883869 0.0036323 0.005937594 0.002827724 0.001451398 0.002856675 0.010018446 0.00800168 0.011089586 0.007849214 0.000399973 8.02928E-05 8.43245E-05 0.006971489 0.012176717 0.012568667 0.008374665 0.011241912 0.010422507 0.006097851 0.003846385 0.0018539 0.001409152 0.001766513 0.006151906 0.008832017 0.009357732 0.010126716 0.009795458
0.001851948 0.002113814 0.002799842 0.006324435 0.008735424 0.0073119 0.005432887 0.001293428 0.000212979 0.002883479 0.044198003 0.043102998 0.002011343 0.001357684 0.000815418 0.000791791 0.001075878 0.001675326 0.001139394 0.000945541 0.000896794 0.001003097 0.000957316 0.000662832 0.001425267 0.001175259 0.001396507 0.001156873 0.000710981 0.001125921 0.001809786 0.001415821 0.001528186 0.001134445 0.008021665 0.001985567 0.001371665 0.003283858 0.008767304 0.008241651 0.009583219 0.009123197 0.005718059 0.006969448 0.000175042 6.23949E-05 0.002937906 0.013803027 0.011877719 0.009312551 0.011760011 0.014440585 0.015300077 0.014739257 0.007945669 0.007994423 0.007355842 0.007409536 0.008939848 0.010756139 0.011577845 0.01101147
0.000810836 0.002705877 0.00893409 0.011327922 0.009980198 0.007354972 0.001381383 0.000147414 0.000148037 0.000142037 0.002760809 0.042661581 0.07413207 0.003984181 0.001475358 0.001650416 0.002398248 0.001723639 0.000966122 0.000779023 0.001002987 0.000661076 0.00118061 0.000450648 0.001423641 0.001089618 0.000978562 0.001041625 0.000901416 0.001454128 0.001610386 0.001110147 0.001555864 0.001261356 0.010042428 0.008150537 0.010506695 0.010025629 0.010248109 0.007364289 0.008575313 0.007654578 0.002439701 0.003986855 0.00027173 0.000139115 0.012164127 0.011460586 0.01320669 0.008421601 0.008917167 0.012344551 0.012228264 0.013718679 0.016685396 0.016012041 0.020087816 0.017311499 0.016314557 0.018845245 0.009404228 0.006966233
0.00085399 0.010594904 0.00752921 0.006191725 0.006628076 0.00591791 0.001108952 0.000267705 0.000208055 0.000210923 0.000217124 0.001866169 0.03083732 0.040108304 0.008415387 0.001325152 0.0012441 0.001269114 0.000873571 0.000896288 0.00091398 0.000821643 0.001351175 0.000972566 0.001041888 0.001585849 0.00136446 0.001570188 0.001037557 0.001251851 0.001231262 0.00113396 0.001796933 0.001666296 0.009730121 0.009060064 0.005209117 0.007098853 0.009360094 0.005768691 0.005473699 0.005391766 0.000668803 0.002988309 0.002317226 9.56381E-05 0.009058489 0.011818096 0.01239311 0.009215421 0.003677059 0.004696323 0.007943303 0.010226532 0.011374753 0.012082062 0.01227187 0.010756392 0.012324199 0.01950567 0.015910937 0.021194223
0.011417876 0.007657132 0.004403849 0.005291867 0.005385863 0.005573744 0.003909624 0.004034262 0.001271243 0.000461152 0.000495306 0.000520691 0.014455923 0.02997354 0.035762116 0.001417704 0.001395102 0.000921263 0.000879647 0.000997408 0.001017949 0.001530127 0.001106345 0.00130333 0.000940701 0.001613198 0.001426782 0.001406622 0.001310493 0.001075375 0.001254526 0.001197433 0.001007408 0.002444403 0.010161523 0.008225144 0.003658255 0.006351556 0.009197409 0.004180035 0.005546088 0.003630991 0.000170142 0.002077858 0.002585015 0.001975394 0.009704944 0.011465739 0.011254692 0.00974179 0.000406839 0.000868066 0.005488008 0.005889942 0.008346129 0.010106324 0.010766291 0.009883463 0.009960743 0.015706139 0.021100523 0.021586396
0.005997886 0.006953415 0.006681925 0.005124512 0.004743277 0.005187511 0.007127924 0.006975811 0.005987087 0.000843078 0.000786248 0.001055246 0.008241577 0.01103444 0.034014158 0.043094017 0.005205725 0.00245548 0.001512766 0.001064775 0.001132935 0.001720928 0.001293925 0.000808513 0.001137152 0.001203462 0.001605721 0.001510054 0.001213766 0.001194191 0.001178358 0.001209874 0.00136451 0.004276375 0.009189988 0.007582488 0.004106197 0.008169492 0.007061845 0.004348957 0.004920673 0.00087031 0.00018701 0.001707025 0.005289086 0.007038499 0.012988017 0.011205612 0.010325808 0.005495788 0.000366093 0.000192937 0.005192196 0.005793183 0.005324957 0.010424309 0.010318465 0.00923113 0.008137097 0.007783451 0.013465601 0.021316953
0.008107592 0.00833174 0.006649916 0.006302854 0.006561867 0.006338881 0.005376211 0.005474502 0.006014688 0.003575275 0.002063243 0.00512997 0.004220926 0.003657647 0.013241745 0.020605389 0.057551142 0.009489147 0.002988186 0.002047057 0.001411189 0.000891517 0.000817379 0.001152299 0.001460179 0.001296815 0.002116325 0.001541879 0.001165015 0.001072702 0.001070779 0.002695486 0.00519992 0.00811433 0.005543975 0.005441641 0.003061307 0.002581572 0.002183097 0.002521906 0.002401946 0.000181163 0.000268617 0.002894175 0.012171254 0.015522364 0.016605671 0.010763081 0.008872006 0.006517086 0.000159561 0.000149762 0.002180249 0.007243598 0.00406376 0.010482027 0.013120985 0.010339387 0.009380485 0.010313338 0.009600509 0.018261926
0.010595436 0.011870088 0.011592339 0.011677187 0.010640409 0.010152524 0.007958744 0.007223263 0.006762675 0.007672995 0.007272279 0.004172248 0.003581702 0.005395859 0.006288363 0.008397358 0.032239385 0.052734509 0.006805253 0.002835403 0.002819497 0.002458353 0.001910128 0.001414862 0.001131035 0.000873517 0.001514494 0.001914978 0.001485396 0.001300664 0.001104705 0.001044757 0.005030226 0.00671163 0.004601099 0.001467226 0.000200317 0.000223151 0.000201832 0.000199781 0.00021048 0.00022236 0.000458695 0.000547972 0.000989491 0.004405948 0.01259939 0.010025022 0.009411261 0.009775833 0.002524519 0.004328898 0.001121625 0.008291259 0.006840412 0.010187418 0.012576081 0.014091427 0.010673517 0.008439529 0.010082602 0.009060062
0.010901807 0.011666047 0.012238789 0.010914416 0.011647441 0.013253359 0.012768853 0.011532865 0.00966412 0.008228316 0.009794307 0.007406336 0.004243814 0.005526907 0.007896261 0.007105107 0.009096344 0.037092227 0.060458161 0.004423849 0.002241061 0.002273672 0.002598611 0.002702597 0.003014411 0.00281943 0.00330272 0.006033843 0.005455355 0.003620344 0.002323947 0.005191511 0.001640219 0.000609166 0.004918692 0.000432891 0.000253136 0.000229207 0.000221502 0.000181678 0.00017452 0.000235912 0.000231047 0.000212427 0.000521391 0.000842234 0.011421665 0.009759877 0.007312712 0.008763049 0.010416794 0.009320684 0.009360304 0.005033331 0.004682088 0.008437874 0.010946838 0.013261815 0.011457974 0.008989258 0.010517037 0.009260664
0.008275233 0.011390049 0.010872615 0.010499358 0.009610283 0.008287238 0.010791206 0.010969294 0.011453262 0.009401293 0.009609855 0.009504866 0.008392743 0.005441874 0.006799098 0.005078266 0.007914229 0.007813638 0.031079406 0.059723437 0.005532416 0.005293896 0.005413509 0.003051181 0.00140368 0.004049916 0.007679741 0.007418068 0.005634193 0.006509244 0.005898626 0.005688941 0.000650922 0.000581727 0.000432394 0.00023183 0.000234912 0.000252514 0.000276107 0.000247154 0.000186556 0.000170788 0.00021667 0.000403734 0.000855838 0.000990529 0.006753637 0.00675471 0.005731587 0.007440378 0.014096015 0.01195024 0.009884083 0.008391437 0.003216305 0.006775369 0.011379636 0.011316559 0.012231329 0.011613161 0.011388286 0.008664927
0.000780205 0.003961408 0.007038501 0.005061183 0.009448029 0.015384112 0.016502561 0.012781226 0.012473509 0.011477177 0.009633382 0.010017101 0.008264733 0.008064337 0.008103929 0.005856343 0.006915916 0.005652987 0.008158457 0.035218734 0.064415261 0.086395293 0.056061886 0.026555387 0.007937547 0.002121391 0.01060529 0.007439869 0.00643174 0.005547185 0.005116218 0.003282988 0.000484968 0.000759744 0.000341909 0.000258533 0.000405068 0.000849271 0.001069725 0.000880047 0.000496682 0.000342526 0.00055252 0.001059305 0.002961407 0.00667052 0.006648055 0.007819725 0.007139743 0.008608207 0.008228753 0.008914324 0.007375942 0.007733542 0.005619159 0.007771103 0.010081371 0.009044075 0.012057672 0.014663576 0.011499152 0.01081462
0 0 0.000753301 0.004261057 0.009627229 0.010951022 0.010573263 0.009975119 0.011243117 0.011659418 0.007942426 0.011986081 0.009673015 0.009446384 0.008945306 0.006784032 0.008824346 0.00750135 0.007467636 0.009704004 0.018458096 0.017897027 0.001126979 0.000639904 0.00104829 0.000121345 0.001551403 0.001528867 0.000887519 0.001079202 0.000946496 0.000785763 0.000840361 0.000720331 0.000263408 0.000271668 0.000646438 0.000947529 0.00094407 0.000737839 0.000590513 0.000992878 0.000811106 0.00033313 0.000552391 0.005053104 0.008562682 0.0059321 0.009045196 0.007697822 0.007376703 0.006582456 0.005549231 0.007766092 0.005320412 0.006934118 0.008018267 0.010908267 0.008685936 0.012490718 0.012161922 0.010083902
0 0 0 0.008888158 0.01116622 0.009723568 0.009917973 0.012322439 0.011121503 0.006947986 0.010440203 0.009701246 0.008081484 0.007273216 0.010908727 0.006173429 0.00649997 0.006602075 0.007538012 0.010904833 0.010701912 0.006790746 0.000462479 0.000278222 0.000139188 9.29951E-05 0.000133228 0.000121077 0.000135071 0.000309516 0.000540836 0.000914837 0.000885224 0.000875368 0.000375917 0.000281466 0.000920383 0.000634553 0.000291498 0.000378398 0.000514501 0.000280159 0.000239801 0.000729708 0.006979757 0.005996928 0.005476323 0.005160016 0.010799991 0.00647251 0.006053593 0.005193692 0.005094966 0.006089783 0.004859782 0.00651108 0.0066038 0.011765378 0.014949366 0.010297843 0.01167663 0.011296682
0 0 0 0.001373946 0.007257858 0.00754195 0.007582091 0.009389526 0.01160211 0.008639268 0.008596245 0.010403016 0.009200042 0.00421273 0.006160697 0.004999428 0.007151464 0.006913503 0.013132235 0.011548692 0.010784781 0.009143975 0.00320792 0.000262116 0.000263514 0.000188625 0.00038611 0.00149677 0.000136778 0.00013669 0.000147404 0.000228847 0.000711493 0.001063598 0.000890936 0.000754883 0.000515712 0.00051442 0.000881648 0.000996928 0.000539422 0.000363863 0.0011078 0.006488754 0.010307757 0.001571759 0.003939328 0.006048511 0.010817789 0.006087794 0.004958046 0.006181583 0.005037995 0.005334228 0.004531806 0.004758476 0.006200575 0.009784929 0.017455466 0.011014134 0.00600898 0.010972978
