GIS/soils/K_soils.txt
ncols         406
nrows         328
xllcorner     595500
yllcorner     4015200
cellsize      100
NODATA_value  0
[rows 112 to 139 of 328, columns 186 to 247 of 406]
0.004522024 0.002002569 0.001018078 0.001446482 0.001141235 0.001075362 0.001140696 0.001214364 0.001139021 0.001532246 0.045148294 0.53011781 0.02125909 0.015724387 0.009978837 0.005309964 0.000967019 0.002101325 0.000261523 0.000326857 0.001347477 0.002140483 0.002521625 0.002649282 0.001519939 0.001385178 0.001105988 0.001205431 0.001463864 0.001294736 0.001404617 0.001678343 0.001841185 0.001245845 0.001081935 0.001342746 0.001286363 0.001369669 0.002053662 0.001646953 0.001660431 0.001336316 0.001195626 0.014325914 0.007733298 0.070740856 0.216574892 0.034340061 0.001506878 0.002364471 0.002308886 0.002195199 0.002267611 0.002148117 0.002697814 0.002406626 0.002351411 0.002548576 0.001870131 0.002406075 0.02656083 0.183348536
0.001394677 0.001109068 0.001289604 0.00133716 0.000831145 0.001285961 0.002933603 0.002198621 0.002107957 0.00149784 0.150586322 0.198796123 0.020410784 0.010438873 0.00936752 0.006864628 0.008238077 0.007296472 0.008737106 0.00037086 0.002349293 0.001203227 0.002903646 0.001625742 0.001458654 0.002427779 0.00166159 0.000878831 0.001183175 0.001224622 0.001798514 0.002918676 0.002614703 0.001768879 0.001087498 0.001039208 0.001491936 0.001562534 0.001514019 0.001439056 0.001585891 0.001204513 0.001193486 0.008987821 0.070210479 0.100790165 0.076809876 0.005979596 0.005888663 0.003640781 0.010645736 0.013421874 0.021270055 0.029085152 0.005788815 0.002531756 0.016437834 0.002234672 0.001732701 0.001883983 0.002527658 0.009859517
0.001755362 0.000552532 0.001268966 0.00109551 0.001486265 0.004847127 0.015328279 0.014867594 0.016664065 0.091383442 0.270317197 0.12996079 0.013323707 0.009592049 0.009780367 0.009940471 0.006316262 0.013484542 0.006360235 0.000534854 0.013902405 0.000312761 0.002322776 0.001021256 0.001028082 0.002064673 0.002072172 0.0016656 0.000936873 0.001686524 0.002439121 0.001713827 0.001863307 0.001728674 0.001779801 0.002648903 0.002452577 0.002647889 0.002131528 0.0011934 0.00209875 0.001310438 0.001265403 0.001696725 0.045976795 0.155144975 0.020806575 0.001682245 0.016502291 0.168043017 0.171947017 0.132769048 0.136109844 0.137658268 0.177233309 0.098537587 0.122781508 0.011569582 0.002068701 0.002110037 0.002366798 0.067723826
0.00192194 0.000841917 0.001418742 0.001396826 0.002548832 0.005231735 0.011441433 0.004112607 0.002107072 0.095316514 0.092826001 0.075579755 0.01237305 0.010215211 0.010189538 0.007846814 0.016264839 0.008355862 0.007167711 0.010656875 0.009463459 0.005657766 0.001662539 0.000738437 0.001087606 0.001709172 0.001719758 0.002357817 0.002417772 0.002547576 0.00392367 0.001758415 0.002268694 0.002125542 0.002186052 0.003107935 0.002750923 0.00304537 0.002099794 0.001840889 0.002050126 0.001300685 0.000904022 0.015435732 0.117242336 0.035813618 0.002500716 0.001467469 0.00187679 0.00367863 0.095867634 0.120400935 0.114643916 0.096890457 0.117610686 0.109132268 0.103312567 0.036089338 0.001858981 0.001935481 0.0017704 0.050758336
0.001826031 0.002138317 0.001388413 0.001403523 0.00117662 0.003369471 0.008119427 0.000946374 0.006399746 0.004430323 0.276104182 0.027317293 0.014269748 0.015917189 0.013370348 0.014154263 0.012640388 0.008547548 0.006897429 0.01433655 0.011864502 0.016365141 0.002646396 0.000902426 0.000982175 0.001366848 0.002074154 0.002154353 0.002257161 0.00290507 0.002580699 0.001519276 0.002498947 0.002088875 0.002460385 0.002642417 0.002777569 0.002646349 0.002243258 0.002493306 0.002016055 0.001417057 0.003266945 0.040670477 0.100539468 0.001402591 0.001451284 0.001613581 0.001311688 0.001453856 0.001650018 0.040516715 0.075960569 0.081065498 0.112419866 0.237569615 0.219662189 0.072159261 0.001745048 0.002024699 0.002016575 0.001929427
0.001245924 0.001390793 0.001247295 0.001445104 0.001062846 0.001072351 0.001651688 0.002997086 0.006158213 0.002863966 0.130781993 0.045348786 0.015502857 0.029070612 0.02184489 0.028053144 0.016246025 0.018750241 0.012693293 0.011015653 0.014451674 0.020231999 0.003161326 0.001798013 0.001550581 0.001500215 0.001964369 0.001281465 0.001737966 0.002634934 0.001938698 0.001347976 0.002415584 0.001633228 0.002033032 0.001889991 0.00235959 0.002201455 0.001856669 0.002503837 0.001252441 0.002263329 0.043862902 0.028981404 0.002652264 0.001365232 0.00140273 0.01056725 0.052149531 0.051186707 0.066685982 0.139307529 0.101854935 0.107583635 0.155955121 0.201618731 0.145326227 0.120084219 0.001491188 0.001583804 0.001321944 0.023556951
0.001557903 0.000959365 0.001480097 0.001617195 0.001508016 0.001507197 0.00214426 0.009047181 0.003898155 0.052916691 0.073415749 0.045512844 0.016420128 0.025681028 0.023064369 0.016553022 0.011080306 0.013453237 0.016101934 0.010282706 0.011558347 0.010708955 0.00241228 0.001500095 0.001547257 0.001799997 0.001426098 0.001203797 0.001289118 0.00159137 0.001553633 0.001555952 0.002719627 0.001894191 0.002167077 0.001359887 0.001901992 0.001504227 0.001365073 0.001678023 0.001586091 0.022209691 0.022530628 0.009082897 0.001344401 0.001437142 0.001410888 0.033158984 0.107486345 0.115519062 0.158798516 0.160583183 0.09898632 0.089163728 0.159680605 0.101733319 0.072078511 0.130880594 0.007996378 0.001117362 0.001261568 0.057314306
0.001419478 0.001386587 0.001657043 0.001476403 0.001073088 0.002525274 0.003329844 0.012811319 0.025948385 0.053310435 0.062055506 0.09945827 0.00082336 0.00539508 0.031206483 0.008857893 0.01572872 0.011459618 0.027962867 0.023348277 0.011275037 0.008908284 0.001876635 0.001499815 0.001149338 0.001592186 0.001154016 0.001178383 0.00111708 0.001309194 0.001539285 0.002043532 0.002573127 0.00218409 0.001950484 0.001422059 0.00195702 0.001692162 0.001865802 0.001140234 0.004785772 0.029599534 0.072342783 0.002270868 0.011666882 0.096948534 0.061236262 0.008459651 0.128536478 0.145460591 0.157796547 0.06566067 0.089063644 0.068292044 0.091614693 0.112580299 0.068643779 0.04060661 0.00143782 0.001498455 0.033546753 0.15624103
0.00165171 0.001503526 0.001273415 0.001347401 0.002445501 0.002956207 0.007150346 0.007468571 0.000458493 0.037689622 0.131733283 0.158133596 0.008061893 0.000119903 0.008039777 0.025271587 0.090477392 0.115513451 0.095868625 0.09749566 0.030136785 0.00218809 0.001706445 0.002030379 0.001098439 0.00136352 0.001317633 0.001256558 0.001138838 0.001189394 0.001550009 0.002045751 0.001963979 0.001663624 0.001765362 0.001910368 0.001882162 0.00180425 0.006222162 0.00242975 0.022175184 0.039736677 0.018831432 0.001860369 0.002952835 0.008219123 0.101853698 0.042981435 0.084288903 0.148542032 0.131025538 0.080825128 0.054251831 0.023570251 0.042744555 0.099166103 0.046000604 0.009076432 0.027118359 0.106173769 0.138848975 0.096229851
0.00159483 0.001994774 0.00147703 0.001090447 0.002614858 0.007297313 0.007060976 0.002960013 0.002137727 0.005341401 0.172840655 0.212204263 0.160144612 0.011919023 0.000193796 0.021645665 0.099795125 0.137138903 0.126271874 0.070656434 0.004486768 0.001737763 0.00179842 0.001637858 0.001429084 0.001589539 0.001545147 0.000915156 0.001132645 0.001475193 0.001596421 0.002024242 0.001899499 0.001707011 0.001602611 0.001844112 0.001977879 0.077032007 0.086520232 0.040614031 0.051793985 0.040569335 0.052907165 0.017807651 0.053736966 0.002341169 0.002158308 0.061447058 0.157262608 0.126899868 0.144805297 0.065497704 0.009544915 0.005102458 0.006386742 0.037016146 0.041621517 0.084444433 0.123935349 0.114661008 0.03648594 0.007213418
0.004542773 0.003161189 0.003048477 0.003019524 0.008588157 0.009718389 0.002713335 0.002164646 0.005385674 0.002926885 0.0247648 0.30036974 0.211048722 0.111446351 0.000856549 0.006244792 0.074776523 0.072572403 0.067560524 0.037727699 0.001503249 0.001415932 0.001103075 0.00114586 0.001131711 0.000981796 0.000957342 0.000967251 0.001233217 0.001261615 0.0012803 0.001522523 0.001289967 0.001778139 0.002146864 0.003447831 0.125348717 0.084064975 0.046339337 0.029045979 0.004609374 0.001157415 0.002632806 0.030337913 0.086940855 0.014049114 0.002728885 0.002874586 0.034317896 0.129239097 0.110021338 0.176059976 0.026196921 0.000299963 5.67229E-05 0.001304096 0.062586345 0.108159721 0.07112471 0.020574426 0.007753841 0.001333642
0.008720834 0.010614798 0.010597684 0.010449522 0.009583737 0.008367859 0.002545435 0.003645887 0.003119189 0.011957682 0.034737546 0.192977592 0.164043337 0.015502672 0.002352651 0.002032743 0.011510699 0.140819743 0.044297341 0.001117257 0.000978222 0.000799788 0.001062937 0.001125975 0.001331576 0.001204721 0.001151819 0.001235279 0.001336576 0.001204986 0.001107512 0.001483381 0.001301546 0.001545472 0.029865043 0.239831969 0.154909387 0.032921854 0.013227272 0.001994653 0.001244855 0.001355782 0.001222634 0.001409572 0.012557561 0.153495625 0.145270616 0.068744726 0.016538342 0.069231175 0.099603191 0.133130848 0.141643494 0.102579609 0.048417527 0.000175184 0.043226056 0.027445396 0.008481836 0.007593868 0.007413792 0.000982233
0.00773345 0.013227433 0.01145993 0.017425658 0.009662639 0.004852721 0.005970839 0.004783319 0.008021507 0.026245482 0.051561259 0.115380958 0.014511878 0.003058852 0.002606901 0.006697921 0.011942304 0.008753861 0.004178356 0.001024094 0.001055069 0.000761934 0.000747366 0.001014207 0.001415152 0.001581092 0.001117554 0.001085192 0.001136892 0.001027023 0.00097155 0.00117647 0.001228961 0.02407142 0.257465065 0.049348209 0.001339683 0.001512254 0.001671972 0.001601962 0.001378643 0.001340474 0.001167562 0.001346118 0.001486951 0.004315331 0.085213609 0.085873395 0.122807279 0.08270517 0.087293833 0.142379791 0.096091926 0.100701824 0.079975381 0.023774602 0.048269067 0.005126026 0.010419215 0.006309045 0.001963111 0.000850653
0.008175381 0.008722734 0.014084233 0.013495149 0.016376775 0.005701893 0.006667105 0.002618818 0.045547418 0.064043567 0.078664094 0.002087187 0.00290029 0.001012818 0.006081802 0.004786765 0.017000832 0.002790912 0.001362075 0.001250442 0.001213747 0.001228728 0.000937542 0.001318301 0.00106197 0.001360505 0.001504231 0.001220957 0.000988179 0.000935323 0.00108184 0.001428216 0.070684291 0.379764438 0.110309705 0.00129641 0.001237756 0.001137394 0.001121135 0.001081738 0.001054221 0.000975665 0.000887208 0.00097643 0.00114495 0.00164567 0.00645178 0.003571487 0.026614299 0.065468088 0.065926693 0.068947837 0.050886273 0.033758759 0.075359389 0.068637192 0.01772443 0.000908365 0.002470542 0.00088646 0.000669525 0.000847982
0.007911939 0.009364977 0.011492659 0.009222574 0.011000683 0.008609846 0.004963111 0.007166443 0.076687545 0.106929459 0.008102058 0.002193578 0.001360027 0.003945449 0.003900067 0.005076374 0.009735571 0.004505224 0.004434727 0.001734394 0.000856112 0.000775321 0.001095707 0.001393701 0.001125413 0.000959286 0.000755057 0.001011978 0.001384885 0.00148644 0.004412255 0.097397193 0.402010292 0.086326107 0.001354623 0.001664399 0.001357344 0.000857418 0.00098864 0.00152513 0.001618589 0.001220512 0.001432675 0.001529416 0.001109035 0.002330664 0.001470869 0.001637694 0.001184671 0.001377305 0.00143995 0.001687988 0.014643496 0.057492558 0.097405098 0.111545041 0.025244009 0.004450642 0.00297485 0.005132864 0.002793811 0.000946215
0.006952936 0.006651454 0.010169906 0.009309467 0.013079643 0.009645787 0.004608644 0.009718012 0.159404114 0.019014856 0.002563015 0.003133955 0.005699539 0.003586772 0.003258151 0.005228002 0.014405235 0.006988417 0.005152126 0.039809167 0.001022919 0.001183519 0.000765731 0.001402538 0.002179167 0.001781547 0.001096614 0.000502933 0.000866508 0.006779934 0.392893791 0.303688735 0.08456108 0.001266864 0.001405231 0.002083207 0.001429645 0.000828409 0.000784945 0.001125155 0.001657311 0.001843839 0.002110739 0.002289488 0.001262483 0.001701617 0.00140059 0.002081769 0.001008753 0.001296444 0.001324272 0.001242646 0.001322811 0.011056306 0.100755036 0.150603503 0.115006283 0.039500315 0.001997829 0.001956061 0.001503998 0.000818031
0.009366454 0.012542328 0.013787285 0.015426693 0.012937848 0.008924379 0.004177955 0.014403168 0.130946234 0.002643671 0.004589033 0.005814413 0.002960392 0.004956734 0.007152203 0.009286601 0.006990002 0.008567561 0.008198721 0.012115663 0.050479442 0.002359769 0.001540077 0.2458909 0.236248299 0.058986634 0.003830706 0.001985219 0.002254901 0.396375507 0.235890105 0.013070375 0.001373751 0.001088938 0.001333696 0.00156347 0.00174206 0.001677802 0.001611936 0.001556642 0.001904697 0.001820654 0.002347877 0.002834179 0.002031808 0.001335063 0.001526235 0.002073634 0.001799626 0.001212117 0.001132465 0.001308652 0.001390986 0.001458916 0.015477259 0.110650279 0.173995778 0.093224034 0.071983933 0.001830258 0.001106142 0.000925816
0.015439129 0.013319224 0.015895931 0.016198263 0.012379576 0.008339233 0.00187296 0.046667773 0.121211551 0.001993163 0.008592797 0.004951994 0.006072598 0.007586719 0.007353501 0.006945745 0.004780394 0.009970118 0.007751101 0.009171206 0.079342641 0.203934208 0.304587334 0.151896939 0.373584896 0.544786155 0.439536959 0.439149529 0.504017532 0.245391458 0.02455386 0.000939837 0.001196397 0.0017418 0.001946983 0.001561511 0.001798847 0.001388252 0.001791864 0.001926601 0.002233417 0.002424106 0.002254721 0.002023917 0.002215467 0.001931062 0.001435294 0.001659976 0.002228703 0.002378558 0.002141086 0.001266968 0.001036251 0.001584516 0.001184256 0.011330563 0.091127142 0.095997684 0.146579444 0.071688518 0.001173367 0.000476516
0.009301594 0.008436612 0.010404931 0.009812087 0.008278644 0.004589371 0.002426931 0.09618663 0.161404252 0.003955182 0.005026177 0.005890788 0.009915267 0.006297412 0.007564625 0.012146195 0.007252782 0.007294347 0.006117793 0.008764097 0.009184347 0.00975737 0.010990848 0.005496597 0.006133598 0.00994903 0.247781277 0.461597681 0.320526093 0.001653532 0.001631064 0.001507238 0.001238629 0.001676908 0.001861142 0.001957415 0.001828949 0.00138672 0.001961112 0.002091206 0.001903433 0.001736841 0.001661365 0.001725752 0.00176464 0.002336376 0.001439251 0.001256269 0.0012389 0.002179187 0.002569009 0.002558036 0.001133388 0.001054846 0.000888468 0.001188381 0.038773902 0.135150343 0.241361946 0.155445859 0.072852418 0.000481864
0.010400421 0.010670691 0.009706367 0.010187999 0.010587513 0.010003754 0.00548236 0.035729181 0.293532044 0.024218718 0.005546875 0.008768655 0.01036774 0.008595716 0.011419547 0.008873641 0.008555979 0.009645686 0.006630065 0.009433142 0.010645156 0.010936221 0.006155612 0.004745859 0.005772564 0.006335516 0.007825725 0.018346949 0.099853516 0.213320598 0.047273591 0.001810529 0.001799811 0.001606646 0.001671832 0.002125984 0.001410195 0.000975782 0.001028534 0.001565078 0.001588985 0.002008308 0.002224032 0.002155633 0.002147822 0.002364001 0.002595078 0.002448722 0.002518234 0.002325216 0.002452014 0.002676157 0.002709443 0.001330392 0.001159746 0.001167265 0.00193696 0.035697438 0.09645503 0.140954688 0.122164734 0.000748924
0.009385902 0.00988526 0.00940245 0.008780238 0.00769003 0.010270688 0.009816761 0.002655572 0.419315845 0.020235049 0.008325015 0.009422047 0.008982091 0.0105851 0.010526814 0.010196619 0.009451216 0.011781533 0.009287183 0.009565499 0.011317825 0.010849427 0.005346619 0.004633668 0.006031504 0.006387388 0.006809362 0.006786394 0.009765388 0.009068038 0.246307373 0.442299277 0.01468566 0.001899568 0.001727428 0.000936629 0.001134644 0.000910806 0.001310664 0.001339913 0.001525615 0.001474708 0.001451819 0.001461949 0.001778293 0.001971694 0.002433829 0.002899661 0.002738431 0.001755052 0.001543718 0.002491926 0.002737274 0.002840983 0.001206053 0.001159707 0.001095722 0.001650624 0.001329263 0.001892471 0.003863485 0.000659488
0.012980585 0.013870567 0.008867804 0.006857599 0.008534918 0.010497261 0.009491032 0.002842796 0.382365257 0.024141554 0.0110991 0.010417238 0.010754834 0.007419595 0.010424266 0.012433039 0.010446655 0.011527136 0.009191709 0.009317923 0.010551038 0.01102863 0.009225899 0.009229135 0.008714856 0.007071294 0.006306898 0.007225193 0.009598508 0.009258868 0.010479173 0.158400208 0.660197139 0.028409539 0.004691687 0.00130316 0.000974656 0.001374179 0.001573253 0.001594315 0.001781863 0.001339645 0.001563681 0.001562331 0.001234185 0.001304259 0.001132881 0.001760843 0.00172682 0.00076796 0.001694216 0.002178315 0.002605856 0.002490834 0.002577665 0.00136013 0.001870661 0.001850719 0.001617596 0.001089886 0.000774403 0.000729529
0.022653919 0.023487294 0.019252103 0.013425078 0.010046341 0.011484254 0.009867763 0.005005935 0.267635435 0.050249971 0.009757123 0.008188303 0.006402574 0.009472088 0.009387922 0.008918745 0.004753293 0.006548596 0.008683481 0.008836733 0.009390063 0.01292626 0.012596414 0.011935601 0.010728301 0.008961587 0.008475164 0.008931264 0.008552488 0.009709047 0.010054694 0.011035662 0.01892945 0.432052314 0.340628326 0.001372899 0.001689962 0.001811153 0.001713422 0.001520302 0.001922267 0.002137382 0.001576082 0.001559821 0.001423142 0.001121789 0.000825375 0.001550494 0.002016886 0.001888016 0.002089643 0.002033491 0.002739982 0.002235814 0.002292227 0.002139129 0.001284217 0.001322185 0.001184221 0.001331157 0.00171617 0.000645714
0.01053124 0.018467329 0.019799739 0.016734684 0.01803978 0.015798863 0.01161776 0.009411102 0.155428275 0.303016871 0.011852015 0.014038734 0.009938495 0.008592575 0.012132513 0.015014425 0.015965724 0.011560135 0.00771173 0.009202905 0.004703867 0.00888679 0.011507698 0.01328242 0.012744506 0.010621276 0.009132626 0.009210014 0.009152782 0.008290815 0.011064249 0.009399431 0.007963805 0.009424689 0.145304605 0.639146447 0.561880231 0.164364025 0.023102425 0.002363395 0.0016805 0.001575048 0.000637834 0.000837245 0.000771202 0.000685087 0.001004953 0.001259134 0.001302073 0.001566421 0.002005325 0.002306625 0.002494956 0.002190845 0.002369015 0.002571777 0.002313104 0.001376043 0.0017166 0.001670999 0.001679644 0.000536568
0.009629617 0.01004486 0.014434237 0.019026244 0.018759917 0.01628636 0.017346669 0.013487999 0.038435809 0.528861642 0.010978675 0.009687356 0.012915054 0.012322855 0.019009469 0.022568123 0.017833456 0.017252922 0.01906216 0.015031674 0.005834802 0.003437449 0.005526643 0.008466446 0.009012007 0.011371287 0.011828152 0.010479142 0.011611274 0.010452545 0.011109102 0.007997618 0.009055227 0.009099161 0.008303354 0.008511095 0.007384112 0.247709483 0.237389684 0.001542522 0.001233474 0.001552509 0.002015422 0.001708627 0.000959456 0.001351993 0.00194835 0.002052753 0.002184712 0.002011069 0.00198863 0.001752231 0.002119168 0.002232285 0.00243949 0.00291448 0.003303878 0.001895652 0.001488904 0.001344766 0.001637709 0.001273487
0.008023692 0.010045691 0.016406177 0.015319252 0.014031187 0.009602312 0.009947621 0.010698679 0.01358522 0.057090402 0.321348459 0.009491401 0.011629195 0.01938967 0.020461557 0.021018157 0.023303891 0.019809954 0.020680312 0.011701682 0.011319888 0.010661235 0.010806131 0.008835007 0.0130573 0.008127733 0.008338204 0.012107729 0.012098743 0.009982696 0.010575421 0.008482963 0.009750668 0.009617636 0.010356851 0.007756368 0.004465921 0.0089208 0.184055984 0.674349725 0.366022587 0.181056038 0.006360713 0.001811916 0.002439286 0.002314349 0.019282158 0.039328892 0.004172762 0.001493586 0.001286175 0.001229008 0.001627608 0.001898326 0.002085367 0.002611801 0.002731239 0.002490115 0.001763892 0.001622887 0.001807177 0.002639523
0.016262254 0.008168056 0.012883499 0.009469195 0.008858493 0.00954451 0.009960169 0.010011335 0.013563414 0.017520053 0.170405358 0.013771144 0.029866319 0.05042877 0.087936006 0.278979689 0.027268104 0.022044577 0.013689429 0.015271726 0.01669256 0.009919943 0.012443893 0.016679017 0.010585852 0.011182127 0.012309806 0.014525916 0.014538929 0.010886754 0.010490186 0.008003222 0.00879222 0.012076607 0.008384411 0.008088879 0.009918755 0.010791446 0.009044344 0.009241611 0.008899887 0.234658733 0.276675493 0.130239636 0.077240445 0.199172854 0.276833564 0.501768053 0.030429248 0.001062764 0.001549449 0.00137606 0.001590944 0.001479137 0.001581228 0.002179845 0.002835418 0.003110402 0.003199798 0.002812832 0.001253686 0.001607597
0.013028093 0.010305787 0.017659394 0.01088111 0.00779947 0.008465847 0.010382461 0.010025029 0.013752596 0.232091174 0.109683149 0.234550133 0.986300886 0.579315484 0.233729854 0.159010112 0.42054072 0.013553677 0.018202629 0.016425394 0.016270956 0.017226968 0.015623823 0.013001628 0.010908089 0.010102895 0.008934709 0.01328003 0.016063672 0.010553319 0.010183671 0.008822347 0.007927427 0.008693767 0.009342874 0.009339409 0.010939677 0.007913097 0.004986062 0.005214148 0.006094271 0.001897547 0.008548898 0.073579043 0.048566133 0.001797319 0.001337762 0.049848583 0.389714628 0.106785804 0.185937792 0.117883019 0.03509194 0.001414843 0.001181953 0.002415845 0.002648039 0.002573048 0.002631265 0.003088469 0.003156245 0.002473495
